name	len	vol	rad	voxc	defc	col	tips	parent	beta	gamma	nchild	q	s
"(63, 89, 57)-(67, 84, 58)"	15.876548	708.744106	3.769569	2976	1844	#4400ff	170	NA	NA	NA	2	1.878214263	NA
"(67, 84, 58)-(69, 41, 61)"	52.619146	867.147162	2.290338	2007	622	#00bdff	156	"(63, 89, 57)-(67, 84, 58)"	0.607586	3.314269	2	1.296157934	0.35296782
"(69, 41, 61)-(75, 49, 58)"	15.594998	108.315133	1.486884	310	137	#ff0089	81	"(67, 84, 58)-(69, 41, 61)"	0.649198	0.296375	2	3.797328174	NA
"(75, 49, 58)-(76, 49, 59)"	1.224745	1.252198	0.570478	2	0	#0018ff	80	"(69, 41, 61)-(75, 49, 58)"	0.383673	0.078534	2	NA	NA
"(76, 49, 59)-(81, 52, 61)"	6.511124	49.461824	1.555006	180	101	#ff0029	76	"(75, 49, 58)-(76, 49, 59)"	2.725796	5.31631	2	NA	NA
"(81, 52, 61)-(83, 20, 55)"	182.019291	4166.06297	2.699164	16861	10207	#ff000e	73	"(76, 49, 59)-(81, 52, 61)"	1.73579	27.955126	2	1.188124606	0.192466567
"(83, 17, 49)-(83, 20, 55)"	7.535141	58.22721	1.568348	113	20	#2600ff	14	"(81, 52, 61)-(83, 20, 55)"	0.581049	0.041397	2	10.34439461	NA
"(83, 17, 49)-(85, 11, 37)"	17.404238	128.976401	1.535864	364	158	#bbff7fffffffffffff45	6	"(83, 17, 49)-(83, 20, 55)"	0.979288	2.309743	2	2.216414754	NA
"(83, 6, 35)-(85, 11, 37)"	5.564521	20.661268	1.087151	37	4	#90ff7fffffffffffff70	5	"(83, 17, 49)-(85, 11, 37)"	0.707843	0.319722	2	4.614666897	NA
"(83, 6, 35)-(84, 5, 36)"	1.48324	1.252198	0.518389	2	0	#ff0012	4	"(83, 6, 35)-(85, 11, 37)"	0.476833	0.266553	3	NA	NA
"(84, 5, 36)-(89, 3, 36)"	6.169571	14.400278	0.861952	29	6	#00fcff	2	"(83, 6, 35)-(84, 5, 36)"	1.662751	4.159524	2	NA	NA
"(89, 3, 36)-(91, 4, 34)"	3.891201	8.765386	0.846776	21	7	#ff007ffffffffffffe03	1	"(84, 5, 36)-(89, 3, 36)"	0.982394	0.630708	0	NA	NA
"(87, 7, 34)-(89, 3, 36)"	10.314949	30.052754	0.963016	90	42	#ff8c7ffffffffffffe8f	1	"(84, 5, 36)-(89, 3, 36)"	1.117251	1.671907	0	NA	NA
"(83, 5, 39)-(84, 5, 36)"	4.857451	18.156872	1.090791	56	27	#ff00c7	1	"(83, 6, 35)-(84, 5, 36)"	2.104193	3.274893	0	NA	NA
"(79, 4, 39)-(84, 5, 36)"	9.265641	42.574734	1.209381	130	62	#00f8ff	1	"(83, 6, 35)-(84, 5, 36)"	2.332961	6.246894	0	NA	NA
"(76, 6, 34)-(83, 6, 35)"	9.409189	34.435447	1.079324	84	29	#ff0097	1	"(83, 6, 35)-(85, 11, 37)"	0.992801	1.690925	0	NA	NA
"(75, 8, 34)-(85, 11, 37)"	20.945276	88.279964	1.158279	285	144	#1bff7fffffffffffffe5	1	"(83, 17, 49)-(85, 11, 37)"	0.754155	1.203458	0	NA	NA
"(80, 17, 47)-(83, 17, 49)"	3.891201	21.913466	1.338871	62	27	#00ff20	8	"(83, 17, 49)-(83, 20, 55)"	0.853683	0.516407	2	3.928087192	NA
"(79, 18, 42)-(80, 17, 47)"	7.405551	34.435447	1.216604	129	74	#ff0075	1	"(80, 17, 47)-(83, 17, 49)"	0.908679	1.903153	0	NA	NA
"(76, 21, 47)-(80, 17, 47)"	10.033886	31.304952	0.996545	79	29	#00d6ff	7	"(80, 17, 47)-(83, 17, 49)"	0.744317	2.578609	2	NA	NA
"(76, 21, 44)-(76, 21, 47)"	10.360796	36.313744	1.056243	134	76	#00ff25	2	"(76, 21, 47)-(80, 17, 47)"	1.059905	1.032581	2	NA	NA
"(75, 23, 34)-(76, 21, 44)"	13.022933	46.957428	1.071329	202	127	#00ffdf	1	"(76, 21, 44)-(76, 21, 47)"	1.014282	1.256943	0	NA	NA
"(75, 20, 44)-(76, 21, 44)"	1.183216	1.252198	0.580403	2	0	#00ffb2	1	"(76, 21, 44)-(76, 21, 47)"	0.549497	0.114201	0	NA	NA
"(72, 11, 44)-(76, 21, 47)"	17.918307	69.496993	1.111116	164	53	#00ff98	5	"(76, 21, 47)-(80, 17, 47)"	1.114968	1.785779	2	3.396563845	0.390829785
"(72, 11, 44)-(72, 12, 39)"	6.051902	21.913466	1.073581	74	39	#005dff	4	"(72, 11, 44)-(76, 21, 47)"	0.966218	0.33775	2	1.786852088	0.562932208
"(72, 12, 39)-(73, 13, 37)"	2.44949	5.634891	0.855717	18	9	#ffb27ffffffffffffeb5	3	"(72, 11, 44)-(72, 12, 39)"	0.797068	0.404747	2	NA	NA
"(73, 13, 37)-(73, 23, 38)"	10.307024	26.922258	0.911831	62	19	#ff217ffffffffffffe24	2	"(72, 12, 39)-(73, 13, 37)"	1.065575	4.207825	2	NA	1.240783487
"(73, 23, 38)-(75, 22, 42)"	6.918855	21.913466	1.004069	80	45	#00c4ff	1	"(73, 13, 37)-(73, 23, 38)"	1.101157	0.671276	0	NA	NA
"(71, 23, 34)-(73, 23, 38)"	4.827157	13.14808	0.93113	54	33	#00ff04	1	"(73, 13, 37)-(73, 23, 38)"	1.021166	0.468337	0	NA	NA
"(71, 11, 34)-(73, 13, 37)"	4.527133	10.017585	0.839257	21	5	#0091ff	1	"(72, 12, 39)-(73, 13, 37)"	0.980765	1.848194	0	NA	NA
"(71, 11, 39)-(72, 12, 39)"	1.183216	1.252198	0.580403	2	0	#ff0066	1	"(72, 11, 44)-(72, 12, 39)"	0.540623	0.195511	0	NA	NA
"(71, 10, 44)-(72, 11, 44)"	1.183216	1.252198	0.580403	2	0	#8600ff	1	"(72, 11, 44)-(76, 21, 47)"	0.52236	0.066034	0	NA	NA
"(82, 17, 56)-(83, 20, 55)"	3.15656	20.661268	1.443433	42	9	#0058ff	59	"(81, 52, 61)-(83, 20, 55)"	0.53477	0.017342	2	NA	NA
"(82, 17, 56)-(89, 17, 59)"	9.524136	75.131884	1.584617	186	66	#00ff77	58	"(82, 17, 56)-(83, 20, 55)"	1.097812	3.017252	2	1.220840478	NA
"(89, 17, 59)-(89, 17, 60)"	0.894427	1.252198	0.667558	2	0	#ff00dd	57	"(82, 17, 56)-(89, 17, 59)"	0.421274	0.093912	2	NA	NA
"(89, 17, 60)-(93, 47, 59)"	36.082866	209.743176	1.360249	557	222	#ff002d	56	"(89, 17, 59)-(89, 17, 60)"	2.037649	40.34187	2	NA	0.888865936
"(93, 47, 59)-(98, 46, 56)"	7.306255	50.714022	1.48642	116	35	#00ffb6	55	"(89, 17, 60)-(93, 47, 59)"	1.092756	0.202485	2	NA	NA
"(98, 46, 56)-(98, 58, 52)"	14.87169	178.438225	1.954289	318	33	#ff5f7ffffffffffffe62	54	"(93, 47, 59)-(98, 46, 56)"	1.314762	2.035474	2	NA	NA
"(98, 58, 52)-(99, 81, 53)"	25.151829	501.505326	2.519289	1095	294	#00b5ff	39	"(98, 46, 56)-(98, 58, 52)"	1.289108	1.691256	2	NA	NA
"(99, 81, 53)-(99, 103, 58)"	26.592855	668.673768	2.829109	2366	1298	#ffd77ffffffffffffeda	37	"(98, 58, 52)-(99, 81, 53)"	1.122979	1.057293	2	NA	NA
"(99, 103, 58)-(103, 108, 46)"	47.868691	1540.829722	3.200933	5841	3380	#ff357ffffffffffffe38	1	"(99, 81, 53)-(99, 103, 58)"	1.131428	1.800058	0	NA	NA
"(99, 103, 58)-(100, 70, 61)"	44.2212	582.272101	2.047259	1507	577	#fff37ffffffffffffef6	36	"(99, 81, 53)-(99, 103, 58)"	0.723641	1.662898	2	NA	NA
"(100, 70, 61)-(106, 59, 60)"	23.003958	187.203611	1.609463	569	270	#00c4ff	31	"(99, 103, 58)-(100, 70, 61)"	0.786155	0.520202	2	2.567398846	NA
"(105, 47, 61)-(106, 59, 60)"	14.835165	69.496993	1.22113	140	29	#00ff74	30	"(100, 70, 61)-(106, 59, 60)"	0.758719	0.644896	2	NA	NA
"(105, 47, 61)-(109, 48, 60)"	5.37444	15.026377	0.943378	33	9	#dcff7fffffffffffff24	29	"(105, 47, 61)-(106, 59, 60)"	0.772545	0.362277	2	NA	NA
"(109, 48, 60)-(113, 64, 59)"	25.893709	140.246184	1.313026	467	243	#009dff	28	"(105, 47, 61)-(109, 48, 60)"	1.391835	4.817936	2	NA	1.338421535
"(113, 64, 59)-(115, 53, 49)"	19.330409	381.920411	2.507789	823	213	#ff0020	8	"(109, 48, 60)-(113, 64, 59)"	1.90993	0.746529	2	2.370122815	NA
"(114, 51, 42)-(115, 53, 49)"	10.262772	60.731606	1.372461	336	239	#c200ff	2	"(113, 64, 59)-(115, 53, 49)"	0.547279	0.530913	2	NA	1.037845935
"(114, 51, 42)-(115, 49, 42)"	2.019876	1.878297	0.544058	3	0	#00ff78	1	"(114, 51, 42)-(115, 53, 49)"	0.39641	0.196816	0	NA	NA
"(111, 43, 42)-(114, 51, 42)"	8.42606	70.749191	1.634834	367	254	#cfff7fffffffffffff31	1	"(114, 51, 42)-(115, 53, 49)"	1.191169	0.821032	0	NA	NA
"(114, 28, 48)-(115, 53, 49)"	29.06923	455.800097	2.234063	1100	372	#0032ff	6	"(113, 64, 59)-(115, 53, 49)"	0.89085	1.503808	2	5.586191005	0.557440199
"(114, 28, 48)-(116, 16, 49)"	14.483605	199.725592	2.095094	617	298	#00ff6f	5	"(114, 28, 48)-(115, 53, 49)"	0.937795	0.498245	2	NA	NA
"(116, 16, 49)-(119, 14, 44)"	8.847262	38.192041	1.172214	153	92	#00ff37	1	"(114, 28, 48)-(116, 16, 49)"	0.559504	0.610847	0	NA	NA
"(110, 4, 52)-(116, 16, 49)"	20.245445	314.301715	2.222976	857	355	#a3ff7fffffffffffff5d	4	"(114, 28, 48)-(116, 16, 49)"	1.061039	1.397818	2	1.096650807	0.74441811
"(110, 3, 42)-(110, 4, 52)"	12.362298	50.714022	1.142719	233	152	#ffeb7ffffffffffffeee	3	"(110, 4, 52)-(116, 16, 49)"	0.514049	0.610621	2	3.299658337	0.77508329
"(108, 6, 39)-(110, 3, 42)"	4.769389	14.400278	0.980345	83	60	#ffda7ffffffffffffedd	2	"(110, 3, 42)-(110, 4, 52)"	0.857906	0.385801	2	NA	NA
"(108, 6, 39)-(111, 5, 34)"	9.166932	30.052754	1.02154	141	93	#0500ff	1	"(108, 6, 39)-(110, 3, 42)"	1.04202	1.922035	0	NA	NA
"(107, 0, 34)-(108, 6, 39)"	8.892199	17.530773	0.792175	35	7	#8dff7fffffffffffff73	1	"(108, 6, 39)-(110, 3, 42)"	0.808057	1.864431	0	NA	NA
"(107, 0, 38)-(110, 3, 42)"	5.344146	12.521981	0.863619	50	30	#00f8ff	1	"(110, 3, 42)-(110, 4, 52)"	0.755758	0.432294	0	NA	NA
"(107, 3, 54)-(110, 4, 52)"	4.149695	19.40907	1.220167	63	32	#ff467ffffffffffffe49	1	"(110, 4, 52)-(116, 16, 49)"	0.548889	0.204969	0	NA	NA
"(111, 28, 46)-(114, 28, 48)"	3.803139	38.81814	1.802484	210	148	#0079ff	1	"(114, 28, 48)-(115, 53, 49)"	0.806818	0.13083	0	NA	NA
"(113, 64, 59)-(114, 73, 61)"	11.150283	125.219807	1.890683	431	231	#0045ff	20	"(109, 48, 60)-(113, 64, 59)"	1.439943	0.430617	2	NA	NA
"(114, 73, 61)-(116, 60, 61)"	14.756058	158.403056	1.848509	281	28	#43ff7fffffffffffffbd	16	"(113, 64, 59)-(114, 73, 61)"	0.977694	1.32338	2	NA	NA
"(116, 60, 61)-(125, 28, 61)"	46.657417	351.867657	1.549367	1265	703	#3700ff	14	"(114, 73, 61)-(116, 60, 61)"	0.838171	3.161916	2	1.483739359	0.358464703
"(125, 28, 61)-(127, 26, 57)"	5.415969	11.895882	0.836152	44	25	#ffc67ffffffffffffec9	1	"(116, 60, 61)-(125, 28, 61)"	0.539673	0.116079	0	NA	NA
"(124, 21, 61)-(125, 28, 61)"	8.272505	31.304952	1.097522	76	26	#ff427ffffffffffffe45	13	"(116, 60, 61)-(125, 28, 61)"	0.708368	0.177303	2	NA	NA
"(124, 21, 61)-(125, 20, 61)"	1.183216	1.252198	0.580403	2	0	#ff407ffffffffffffe43	4	"(124, 21, 61)-(125, 28, 61)"	0.528831	0.14303	2	NA	NA
"(125, 18, 57)-(125, 20, 61)"	4.898979	12.521981	0.902005	24	4	#ff0055	2	"(124, 21, 61)-(125, 20, 61)"	1.554101	4.140393	2	NA	NA
"(123, 20, 54)-(125, 18, 57)"	4.527133	21.913466	1.241278	60	25	#3e00ff	1	"(125, 18, 57)-(125, 20, 61)"	1.376132	0.924097	0	NA	NA
"(119, 9, 64)-(125, 18, 57)"	16.41542	72.627488	1.186724	194	78	#0093ff	1	"(125, 18, 57)-(125, 20, 61)"	1.315651	3.350784	0	NA	NA
"(125, 9, 63)-(125, 20, 61)"	12.741871	47.583527	1.090277	89	13	#00ff03	2	"(124, 21, 61)-(125, 20, 61)"	1.878483	10.768846	2	NA	0.619126838
"(123, 8, 64)-(125, 9, 63)"	3.503116	8.139287	0.859985	22	9	#00ff57	1	"(125, 9, 63)-(125, 20, 61)"	0.788777	0.274929	0	NA	NA
"(123, 6, 60)-(125, 9, 63)"	4.857451	27.548357	1.343596	143	99	#6dff7fffffffffffff93	1	"(125, 9, 63)-(125, 20, 61)"	1.232344	0.38122	0	NA	NA
"(120, 12, 57)-(124, 21, 61)"	12.65381	61.983804	1.248687	208	109	#77ff7fffffffffffff89	9	"(124, 21, 61)-(125, 28, 61)"	1.137733	1.529622	2	NA	NA
"(120, 12, 57)-(122, 35, 51)"	32.186541	162.15965	1.266366	574	315	#79ff7fffffffffffff87	8	"(120, 12, 57)-(124, 21, 61)"	1.014158	2.543625	2	NA	NA
"(122, 35, 51)-(125, 28, 36)"	31.326504	151.515966	1.24079	543	301	#6dff7fffffffffffff93	7	"(120, 12, 57)-(122, 35, 51)"	0.979804	0.97328	2	1.683208512	0.294940748
"(125, 25, 38)-(125, 28, 36)"	3.28615	5.634891	0.738795	17	8	#6c00ff	6	"(122, 35, 51)-(125, 28, 36)"	0.595423	0.1049	2	NA	NA
"(125, 23, 37)-(125, 25, 38)"	2.061405	3.756594	0.761624	6	0	#ff0090	5	"(125, 25, 38)-(125, 28, 36)"	1.0309	0.627301	2	NA	NA
"(123, 21, 34)-(125, 23, 37)"	3.932729	9.391486	0.871857	28	13	#00ff1f	1	"(125, 23, 37)-(125, 25, 38)"	1.144734	1.907791	0	NA	NA
"(121, 12, 37)-(125, 23, 37)"	15.796411	48.835725	0.992007	123	45	#70ff7fffffffffffff90	4	"(125, 23, 37)-(125, 25, 38)"	1.302489	7.662935	2	NA	0.850657668
"(121, 12, 37)-(122, 16, 42)"	6.640714	21.913466	1.02488	83	48	#7aff7fffffffffffff86	2	"(121, 12, 37)-(125, 23, 37)"	1.033139	0.420394	2	NA	NA
"(122, 16, 42)-(123, 14, 44)"	3.891201	13.774179	1.061491	63	41	#c8ff7fffffffffffff38	1	"(121, 12, 37)-(122, 16, 42)"	1.035721	0.585961	0	NA	NA
"(119, 19, 34)-(122, 16, 42)"	13.677827	36.313744	0.919289	92	34	#e0ff7fffffffffffff20	1	"(121, 12, 37)-(122, 16, 42)"	0.896972	2.059692	0	NA	NA
"(121, 6, 37)-(121, 12, 37)"	7.348469	18.156872	0.886844	43	14	#a7ff7fffffffffffff59	2	"(121, 12, 37)-(125, 23, 37)"	0.89399	0.465199	2	NA	NA
"(119, 5, 39)-(121, 6, 37)"	3.891201	14.400278	1.085347	96	73	#ff000d	1	"(121, 6, 37)-(121, 12, 37)"	1.223831	0.529525	0	NA	NA
"(119, 0, 44)-(121, 6, 37)"	15.430894	53.844517	1.053902	310	224	#ff00e7	1	"(121, 6, 37)-(121, 12, 37)"	1.188374	2.099879	0	NA	NA
"(123, 22, 42)-(125, 25, 38)"	6.830794	22.539565	1.024855	77	41	#00ff83	1	"(125, 25, 38)-(125, 28, 36)"	1.387197	2.078662	0	NA	NA
"(123, 27, 34)-(125, 28, 36)"	2.707985	6.887089	0.899746	38	27	#09ff7ffffffffffffff7	1	"(122, 35, 51)-(125, 28, 36)"	0.725139	0.086444	0	NA	NA
"(119, 61, 46)-(122, 35, 51)"	55.658818	382.54651	1.479109	2357	1746	#00e9ff	1	"(120, 12, 57)-(122, 35, 51)"	1.167995	1.729258	0	NA	NA
"(119, 7, 56)-(120, 12, 57)"	4.82988	8.765386	0.76005	25	11	#ff00b6	1	"(120, 12, 57)-(124, 21, 61)"	0.60868	0.381694	0	NA	NA
"(114, 9, 63)-(116, 60, 61)"	58.647892	783.249891	2.061812	1739	488	#00ff6d	2	"(114, 73, 61)-(116, 60, 61)"	1.115392	3.974496	2	4.002208471	0.318630962
"(111, 10, 64)-(114, 9, 63)"	3.849672	13.14808	1.042664	22	1	#00feff	1	"(114, 9, 63)-(116, 60, 61)"	0.505703	0.06564	0	NA	NA
"(111, 5, 64)-(114, 9, 63)"	10.61929	137.115688	2.027313	429	210	#00ffec	1	"(114, 9, 63)-(116, 60, 61)"	0.983268	0.181069	0	NA	NA
"(114, 73, 61)-(116, 33, 36)"	162.866446	3282.011135	2.532674	12995	7753	#00ffaa	4	"(113, 64, 59)-(114, 73, 61)"	1.339555	14.606486	2	0.558640594	0.183972285
"(115, 32, 35)-(116, 33, 36)"	1.48324	1.252198	0.518389	2	0	#8300ff	3	"(114, 73, 61)-(116, 33, 36)"	0.204681	0.009107	2	NA	NA
"(115, 32, 35)-(117, 24, 37)"	9.36766	44.453031	1.229024	149	78	#00ff1a	2	"(115, 32, 35)-(116, 33, 36)"	2.370851	6.315675	2	NA	NA
"(117, 24, 37)-(119, 21, 39)"	3.891201	11.269783	0.960154	37	19	#08ff7ffffffffffffff8	1	"(115, 32, 35)-(117, 24, 37)"	0.781233	0.415387	0	NA	NA
"(115, 10, 42)-(117, 24, 37)"	24.110445	144.002778	1.378821	436	206	#f3ff7fffffffffffff0d	1	"(115, 32, 35)-(117, 24, 37)"	1.121883	2.573796	0	NA	NA
"(111, 35, 34)-(115, 32, 35)"	6.469595	28.800556	1.190384	146	100	#ff00e3	1	"(115, 32, 35)-(116, 33, 36)"	2.296313	4.3618	0	NA	NA
"(115, 29, 39)-(116, 33, 36)"	8.330272	25.043961	0.978244	101	61	#ff007c	1	"(114, 73, 61)-(116, 33, 36)"	0.386249	0.051148	0	NA	NA
"(107, 38, 54)-(109, 48, 60)"	17.800637	107.689034	1.387692	406	234	#0074ff	1	"(105, 47, 61)-(109, 48, 60)"	1.470982	3.312091	0	NA	NA
"(103, 20, 64)-(105, 47, 61)"	33.682829	180.316522	1.305385	668	380	#fff87ffffffffffffefb	1	"(105, 47, 61)-(106, 59, 60)"	1.068997	2.270472	0	NA	NA
"(103, 41, 54)-(106, 59, 60)"	25.825294	123.967609	1.236108	420	222	#32ff7fffffffffffffce	1	"(100, 70, 61)-(106, 59, 60)"	0.768026	1.122646	0	NA	NA
"(98, 30, 62)-(100, 70, 61)"	45.679049	609.820459	2.061425	1192	218	#0046ff	5	"(99, 103, 58)-(100, 70, 61)"	1.006919	1.032967	2	2.252604282	0.383409757
"(98, 20, 61)-(98, 30, 62)"	10.652895	118.332717	1.880371	224	35	#ff797ffffffffffffe7c	4	"(98, 30, 62)-(100, 70, 61)"	0.912171	0.233212	2	4.325647369	NA
"(98, 12, 62)-(98, 20, 61)"	9.07264	96.419251	1.839247	262	108	#00fff9	3	"(98, 20, 61)-(98, 30, 62)"	0.97813	0.85166	3	NA	NA
"(95, 16, 64)-(98, 12, 62)"	21.900489	92.662657	1.160514	275	127	#ff0055	1	"(98, 12, 62)-(98, 20, 61)"	0.630972	2.413905	0	NA	NA
"(95, 14, 64)-(98, 12, 62)"	3.891201	10.017585	0.905242	19	3	#ff00ac	1	"(98, 12, 62)-(98, 20, 61)"	0.492181	0.428894	0	NA	NA
"(92, 5, 58)-(98, 12, 62)"	13.753968	189.081908	2.091877	551	249	#f5ff7fffffffffffff0b	1	"(98, 12, 62)-(98, 20, 61)"	1.137355	1.515983	0	NA	NA
"(95, 35, 64)-(98, 20, 61)"	25.068771	92.036558	1.081032	244	97	#3600ff	1	"(98, 20, 61)-(98, 30, 62)"	0.574904	2.353236	0	NA	NA
"(95, 26, 64)-(98, 30, 62)"	4.986355	15.026377	0.979401	27	3	#c9ff7fffffffffffff37	1	"(98, 30, 62)-(100, 70, 61)"	0.475109	0.109161	0	NA	NA
"(99, 77, 49)-(99, 81, 53)"	4.898979	78.888478	2.264014	288	162	#0080ff	2	"(98, 58, 52)-(99, 81, 53)"	0.898672	0.194776	2	2.922576042	NA
"(99, 60, 42)-(99, 77, 49)"	21.159519	191.586304	1.697674	1257	951	#5000ff	1	"(99, 77, 49)-(99, 81, 53)"	0.749852	4.319169	0	NA	NA
"(95, 67, 42)-(99, 77, 49)"	15.672412	171.551135	1.866612	1318	1044	#13ff7fffffffffffffed	1	"(99, 77, 49)-(99, 81, 53)"	0.82447	3.199118	0	NA	NA
"(98, 38, 48)-(98, 58, 52)"	26.054503	343.72837	2.049233	1127	578	#af00ff	15	"(98, 46, 56)-(98, 58, 52)"	1.048582	1.751953	2	1.733112355	0.513974264
"(98, 36, 48)-(98, 38, 48)"	2.966479	15.026377	1.269789	31	7	#ff5b7ffffffffffffe5e	14	"(98, 38, 48)-(98, 58, 52)"	0.619641	0.113857	2	NA	NA
"(98, 36, 48)-(100, 19, 49)"	22.975312	289.257754	2.001875	772	310	#00ff03	13	"(98, 36, 48)-(98, 38, 48)"	1.576541	7.744976	2	1.906326298	0.514595636
"(100, 19, 49)-(100, 24, 42)"	10.185359	43.826932	1.170328	240	170	#c7ff7fffffffffffff39	6	"(98, 36, 48)-(100, 19, 49)"	0.584616	0.443318	2	10.14804972	NA
"(100, 24, 42)-(100, 27, 42)"	3.803139	14.400278	1.097841	68	45	#b2ff7fffffffffffff4e	2	"(100, 19, 49)-(100, 24, 42)"	0.938063	0.373393	2	NA	NA
"(99, 32, 39)-(100, 27, 42)"	7.88442	57.601111	1.52495	411	319	#ff317ffffffffffffe34	1	"(100, 24, 42)-(100, 27, 42)"	1.389045	2.073135	0	NA	NA
"(99, 28, 42)-(100, 27, 42)"	1.183216	1.252198	0.580403	2	0	#ff5f7ffffffffffffe62	1	"(100, 24, 42)-(100, 27, 42)"	0.528677	0.311116	0	NA	NA
"(100, 18, 35)-(100, 24, 42)"	11.11008	41.322536	1.088078	154	88	#ff677ffffffffffffe6a	4	"(100, 19, 49)-(100, 24, 42)"	0.929721	1.090789	2	NA	NA
"(100, 18, 35)-(103, 0, 40)"	29.343963	165.916244	1.34156	494	229	#56ff7fffffffffffffaa	1	"(100, 18, 35)-(100, 24, 42)"	1.232963	2.641202	0	NA	NA
"(93, 25, 36)-(100, 18, 35)"	12.436159	53.218418	1.167113	147	62	#0092ff	3	"(100, 18, 35)-(100, 24, 42)"	1.072637	1.119358	2	NA	NA
"(92, 13, 39)-(93, 25, 36)"	16.757658	50.714022	0.981482	175	94	#ff8f7ffffffffffffe92	2	"(93, 25, 36)-(100, 18, 35)"	0.840949	1.347495	2	NA	0.521465448
"(91, 12, 39)-(92, 13, 39)"	1.183216	1.252198	0.580403	2	0	#9eff7fffffffffffff62	1	"(92, 13, 39)-(93, 25, 36)"	0.591353	0.070607	0	NA	NA
"(91, 10, 39)-(92, 13, 39)"	9.62684	40.070338	1.151051	150	86	#0079ff	1	"(92, 13, 39)-(93, 25, 36)"	1.172768	0.574474	0	NA	NA
"(87, 21, 39)-(93, 25, 36)"	22.514539	153.394263	1.472645	820	575	#ff005e	1	"(93, 25, 36)-(100, 18, 35)"	1.261784	1.810409	0	NA	NA
"(99, 16, 49)-(100, 19, 49)"	2.856536	22.539565	1.584813	69	33	#0078ff	7	"(98, 36, 48)-(100, 19, 49)"	0.791664	0.124331	2	NA	NA
"(95, 8, 52)-(99, 16, 49)"	15.605646	267.344287	2.335176	857	430	#ff057ffffffffffffe08	1	"(99, 16, 49)-(100, 19, 49)"	1.473471	5.463136	0	NA	NA
"(93, 17, 51)-(99, 16, 49)"	7.347784	48.209626	1.445153	157	80	#7aff7fffffffffffff86	6	"(99, 16, 49)-(100, 19, 49)"	0.911876	2.572271	2	5.622338906	NA
"(91, 21, 54)-(93, 17, 51)"	10.965846	55.722814	1.271805	209	120	#0097ff	1	"(93, 17, 51)-(99, 16, 49)"	0.880049	1.492402	0	NA	NA
"(89, 10, 52)-(93, 17, 51)"	8.230976	42.574734	1.283144	151	83	#b5ff7fffffffffffff4b	5	"(93, 17, 51)-(99, 16, 49)"	0.887895	1.120198	2	2.022072567	NA
"(89, 10, 52)-(90, 3, 51)"	8.489471	26.296159	0.992958	111	69	#ff857ffffffffffffe88	4	"(89, 10, 52)-(93, 17, 51)"	0.773848	1.031405	2	NA	1.040774278
"(89, 2, 52)-(90, 3, 51)"	1.48324	1.252198	0.518389	2	0	#00ff88	2	"(89, 10, 52)-(90, 3, 51)"	0.522066	0.174715	2	NA	NA
"(87, 6, 60)-(89, 2, 52)"	13.804009	48.835725	1.061185	139	61	#ff00bc	1	"(89, 2, 52)-(90, 3, 51)"	2.047083	9.306661	0	NA	NA
"(87, 3, 52)-(89, 2, 52)"	2.019876	13.14808	1.439441	91	70	#ff0026	1	"(89, 2, 52)-(90, 3, 51)"	2.776758	1.3618	0	NA	NA
"(88, 4, 46)-(90, 3, 51)"	7.157704	31.304952	1.179899	142	92	#00ff63	2	"(89, 10, 52)-(90, 3, 51)"	1.188266	0.843127	2	2.700469062	NA
"(87, 6, 47)-(88, 4, 46)"	7.157704	25.67006	1.068444	96	55	#0057ff	1	"(88, 4, 46)-(90, 3, 51)"	0.905539	1	0	NA	NA
"(87, 4, 46)-(88, 4, 46)"	0.83666	1.252198	0.690219	2	0	#0600ff	1	"(88, 4, 46)-(90, 3, 51)"	0.584982	0.116889	0	NA	NA
"(87, 10, 51)-(89, 10, 52)"	2.666456	5.634891	0.820164	21	12	#a300ff	1	"(89, 10, 52)-(93, 17, 51)"	0.639183	0.323954	0	NA	NA
"(95, 34, 46)-(98, 36, 48)"	3.891201	14.400278	1.085347	68	45	#00ff07	1	"(98, 36, 48)-(98, 38, 48)"	0.854746	1.311723	0	NA	NA
"(95, 38, 39)-(98, 38, 48)"	12.046036	82.018973	1.472177	481	350	#0042ff	1	"(98, 38, 48)-(98, 58, 52)"	0.718404	0.46234	0	NA	NA
"(95, 31, 54)-(98, 46, 56)"	22.82521	207.864879	1.702583	438	106	#00ddff	1	"(93, 47, 59)-(98, 46, 56)"	1.145425	3.124064	0	NA	NA
"(91, 37, 54)-(93, 47, 59)"	26.426937	184.699215	1.491537	708	413	#cbff7fffffffffffff35	1	"(89, 17, 60)-(93, 47, 59)"	1.096518	0.732396	0	NA	NA
"(87, 8, 64)-(89, 17, 60)"	11.646716	58.853309	1.268261	127	33	#00ffe2	1	"(89, 17, 59)-(89, 17, 60)"	1.899852	13.021424	0	NA	NA
"(87, 21, 54)-(89, 17, 59)"	11.517126	45.07913	1.116197	149	77	#ffd57ffffffffffffed8	1	"(82, 17, 56)-(89, 17, 59)"	0.704395	1.209257	0	NA	NA
"(79, 14, 54)-(82, 17, 56)"	4.149695	24.417862	1.368582	66	27	#ff004c	1	"(82, 17, 56)-(83, 20, 55)"	0.948144	1.314626	0	NA	NA
"(81, 52, 61)-(82, 22, 62)"	35.655854	475.835266	2.061047	1075	315	#c0ff7fffffffffffff40	3	"(76, 49, 59)-(81, 52, 61)"	1.325427	5.476144	2	3.515176826	0.674381473
"(79, 20, 64)-(82, 22, 62)"	3.803139	16.278575	1.167245	35	9	#0010ff	1	"(81, 52, 61)-(82, 22, 62)"	0.566336	0.106662	0	NA	NA
"(78, 5, 60)-(82, 22, 62)"	24.617795	302.405833	1.977405	609	126	#ff007a	2	"(81, 52, 61)-(82, 22, 62)"	0.959417	0.690428	2	0.853103171	0.731168756
"(77, 0, 60)-(78, 5, 60)"	14.558739	38.81814	0.921256	122	60	#00ff9f	1	"(78, 5, 60)-(82, 22, 62)"	0.465892	0.591391	0	NA	NA
"(75, 3, 62)-(78, 5, 60)"	5.157474	11.269783	0.833997	50	32	#00ffbe	1	"(78, 5, 60)-(82, 22, 62)"	0.421763	0.209502	0	NA	NA
"(76, 20, 52)-(76, 49, 59)"	49.748527	272.979179	1.321599	949	513	#ff3f7ffffffffffffe42	4	"(75, 49, 58)-(76, 49, 59)"	2.316653	40.619502	2	2.559524867	0.427037851
"(76, 1, 48)-(76, 20, 52)"	24.829436	115.202222	1.215268	456	272	#ff00cd	2	"(76, 20, 52)-(76, 49, 59)"	0.919544	0.499099	2	8.069132769	0.87908251
"(75, 5, 46)-(76, 1, 48)"	5.674464	21.913466	1.108711	86	51	#ff00aa	1	"(76, 1, 48)-(76, 20, 52)"	0.912318	0.228538	0	NA	NA
"(71, 0, 40)-(76, 1, 48)"	17.271239	68.244795	1.121497	249	140	#ff00b5	1	"(76, 1, 48)-(76, 20, 52)"	0.922839	0.695595	0	NA	NA
"(74, 20, 51)-(76, 20, 52)"	2.061405	3.130495	0.695264	5	0	#2c00ff	2	"(76, 20, 52)-(76, 49, 59)"	0.526078	0.041437	2	NA	NA
"(71, 24, 54)-(74, 20, 51)"	8.319037	40.696437	1.247862	141	76	#ff006e	1	"(74, 20, 51)-(76, 20, 52)"	1.794803	4.035615	0	NA	NA
"(71, 10, 64)-(74, 20, 51)"	27.40783	127.098104	1.214947	445	242	#ff307ffffffffffffe33	1	"(74, 20, 51)-(76, 20, 52)"	1.74746	13.295704	0	NA	NA
"(71, 51, 46)-(75, 49, 58)"	23.403375	160.281353	1.476479	918	662	#ff0074	1	"(69, 41, 61)-(75, 49, 58)"	0.993003	1.500698	0	NA	NA
"(67, 39, 62)-(69, 41, 61)"	2.666456	11.895882	1.191671	22	3	#ffe07ffffffffffffee3	75	"(67, 84, 58)-(69, 41, 61)"	0.520303	0.050675	2	NA	NA
"(67, 19, 62)-(67, 39, 62)"	24.859411	308.040725	1.98602	662	170	#ff001b	3	"(67, 39, 62)-(69, 41, 61)"	1.666585	9.323017	2	0.80254566	0.321794298
"(66, 18, 61)-(67, 19, 62)"	1.48324	1.252198	0.518389	2	0	#0073ff	2	"(67, 19, 62)-(67, 39, 62)"	0.261019	0.059665	2	NA	NA
"(63, 20, 57)-(66, 18, 61)"	6.34069	34.435447	1.3148	152	97	#b4ff7fffffffffffff4c	1	"(66, 18, 61)-(67, 19, 62)"	2.536318	4.274893	0	NA	NA
"(63, 14, 60)-(66, 18, 61)"	13.673831	149.01157	1.862473	453	215	#ed00ff	1	"(66, 18, 61)-(67, 19, 62)"	3.592808	9.218895	0	NA	NA
"(63, 16, 64)-(67, 19, 62)"	4.986355	21.913466	1.182739	37	2	#ff00e7	1	"(67, 19, 62)-(67, 39, 62)"	0.595532	0.200582	0	NA	NA
"(63, 42, 58)-(67, 39, 62)"	6.34069	34.435447	1.3148	68	13	#b700ff	72	"(67, 39, 62)-(69, 41, 61)"	1.103325	2.377947	2	NA	NA
"(60, 47, 61)-(63, 42, 58)"	7.477374	48.209626	1.432575	108	31	#00ff46	71	"(63, 42, 58)-(67, 39, 62)"	1.089577	1.179268	2	NA	NA
"(55, 41, 54)-(60, 47, 61)"	17.879699	153.394263	1.652531	530	285	#7dff7fffffffffffff83	1	"(60, 47, 61)-(63, 42, 58)"	1.153539	2.391173	0	NA	NA
"(52, 64, 61)-(60, 47, 61)"	29.006017	249.187415	1.653652	833	435	#ff0068	70	"(60, 47, 61)-(63, 42, 58)"	1.154321	3.879172	2	NA	NA
"(51, 97, 58)-(52, 64, 61)"	44.479151	668.047669	2.186505	1893	826	#f700ff	9	"(52, 64, 61)-(60, 47, 61)"	1.322228	1.533446	2	NA	NA
"(51, 97, 58)-(59, 35, 42)"	149.953332	2318.444722	2.218428	13366	9663	#69ff7fffffffffffff97	1	"(51, 97, 58)-(52, 64, 61)"	1.0146	3.371317	0	NA	NA
"(51, 55, 49)-(51, 97, 58)"	50.994047	1275.989831	2.822207	3725	1687	#a200ff	8	"(51, 97, 58)-(52, 64, 61)"	1.290739	1.146471	2	1.386363935	0.674658738
"(51, 55, 49)-(55, 45, 42)"	17.956427	90.78436	1.268588	388	243	#00c8ff	1	"(51, 55, 49)-(51, 97, 58)"	0.449502	0.352128	0	NA	NA
"(51, 55, 49)-(52, 40, 48)"	18.550243	260.457198	2.114066	657	241	#d0ff7fffffffffffff30	7	"(51, 55, 49)-(51, 97, 58)"	0.749082	0.363773	2	3.045084596	NA
"(51, 6, 35)-(52, 40, 48)"	55.482699	319.936606	1.35481	867	356	#ff157ffffffffffffe18	2	"(51, 55, 49)-(52, 40, 48)"	0.640855	2.990942	2	1.224965254	0.22505909
"(51, 5, 34)-(51, 6, 35)"	1.224745	1.252198	0.570478	2	0	#00ff97	1	"(51, 6, 35)-(52, 40, 48)"	0.421076	0.022074	0	NA	NA
"(48, 8, 34)-(51, 6, 35)"	4.785628	13.774179	0.957169	39	17	#00a5ff	1	"(51, 6, 35)-(52, 40, 48)"	0.706497	0.086254	0	NA	NA
"(50, 30, 49)-(52, 40, 48)"	12.639166	145.881075	1.916749	379	146	#3b00ff	5	"(51, 55, 49)-(52, 40, 48)"	0.906665	0.681348	2	4.83748366	NA
"(50, 30, 49)-(53, 24, 48)"	7.652811	83.897271	1.86805	228	94	#0003ff	4	"(50, 30, 49)-(52, 40, 48)"	0.974593	0.605484	2	2.765399256	NA
"(51, 23, 39)-(53, 24, 48)"	13.239899	55.722814	1.157442	266	177	#00ffb3	1	"(50, 30, 49)-(53, 24, 48)"	0.619599	1.73007	0	NA	NA
"(50, 20, 48)-(53, 24, 48)"	6.85768	60.105507	1.670297	195	99	#ffc67ffffffffffffec9	3	"(50, 30, 49)-(53, 24, 48)"	0.894139	0.896099	2	4.531036551	NA
"(50, 20, 48)-(51, 15, 49)"	6.816151	53.844517	1.585719	139	53	#2900ff	2	"(50, 20, 48)-(53, 24, 48)"	0.949364	0.993944	2	NA	NA
"(48, 0, 58)-(51, 15, 49)"	23.961209	304.910229	2.012596	782	295	#4cff7fffffffffffffb4	1	"(50, 20, 48)-(51, 15, 49)"	1.269201	3.515358	0	NA	NA
"(47, 7, 42)-(51, 15, 49)"	13.327275	77.010181	1.356215	227	104	#ff0010	1	"(50, 20, 48)-(51, 15, 49)"	0.855268	1.955249	0	NA	NA
"(47, 21, 44)-(50, 20, 48)"	7.116175	31.304952	1.183337	107	57	#00fff5	1	"(50, 20, 48)-(53, 24, 48)"	0.708459	1.037694	0	NA	NA
"(47, 23, 34)-(50, 30, 49)"	35.817067	170.298937	1.230229	596	324	#0086ff	1	"(50, 30, 49)-(52, 40, 48)"	0.641831	2.833816	0	NA	NA
"(50, 46, 61)-(52, 64, 61)"	22.218789	296.144843	2.059762	645	172	#8900ff	61	"(52, 64, 61)-(60, 47, 61)"	1.245584	0.766006	2	4.415424082	NA
"(50, 46, 61)-(51, 24, 61)"	27.38627	321.814903	1.934023	719	205	#0076ff	3	"(50, 46, 61)-(52, 64, 61)"	0.938955	1.232573	2	7.318723414	1.002702986
"(47, 13, 64)-(51, 24, 61)"	14.225111	162.15965	1.904884	429	170	#19ff7fffffffffffffe7	1	"(50, 46, 61)-(51, 24, 61)"	0.984934	0.519425	0	NA	NA
"(46, 15, 60)-(51, 24, 61)"	13.212328	83.897271	1.421704	339	205	#ff00e8	2	"(50, 46, 61)-(51, 24, 61)"	0.735102	0.482444	2	9.273468663	NA
"(46, 15, 60)-(47, 2, 62)"	16.456949	80.766775	1.249876	291	162	#00feff	1	"(46, 15, 60)-(51, 24, 61)"	0.879139	1.245575	0	NA	NA
"(43, 9, 46)-(46, 15, 60)"	26.11136	153.394263	1.367461	551	306	#ff0076	1	"(46, 15, 60)-(51, 24, 61)"	0.961846	1.976288	0	NA	NA
"(41, 42, 60)-(50, 46, 61)"	32.108805	225.395652	1.494809	693	333	#ff717ffffffffffffe74	58	"(50, 46, 61)-(52, 64, 61)"	0.72572	1.445119	2	3.048213276	0.942917692
"(41, 42, 60)-(43, 27, 54)"	24.783911	126.472005	1.274493	461	259	#cdff7fffffffffffff33	1	"(41, 42, 60)-(50, 46, 61)"	0.852612	0.771873	0	NA	NA
"(41, 42, 60)-(41, 47, 60)"	6.34069	23.791763	1.092874	44	6	#9eff7fffffffffffff62	57	"(41, 42, 60)-(50, 46, 61)"	0.731113	0.197475	2	NA	NA
"(41, 47, 60)-(43, 38, 39)"	51.124547	293.640447	1.352129	1450	981	#ff001b	1	"(41, 42, 60)-(41, 47, 60)"	1.237223	8.062931	0	NA	NA
"(35, 50, 62)-(41, 47, 60)"	10.98049	73.253587	1.457232	241	124	#94ff7fffffffffffff6c	56	"(41, 42, 60)-(41, 47, 60)"	1.333394	1.73175	3	NA	NA
"(35, 29, 62)-(35, 50, 62)"	25.509942	315.553913	1.984299	731	227	#e0ff7fffffffffffff20	3	"(35, 50, 62)-(41, 47, 60)"	1.361691	2.323206	2	8.770192248	NA
"(35, 6, 62)-(35, 29, 62)"	26.666272	325.571498	1.971365	963	443	#7a00ff	2	"(35, 29, 62)-(35, 50, 62)"	0.993482	1.045329	2	1.630763501	NA
"(35, 6, 62)-(43, 7, 39)"	44.383139	266.092089	1.38144	870	445	#acff7fffffffffffff54	1	"(35, 6, 62)-(35, 29, 62)"	0.700753	1.664392	0	NA	NA
"(31, 8, 64)-(35, 6, 62)"	5.332911	23.791763	1.191671	60	22	#00ceff	1	"(35, 6, 62)-(35, 29, 62)"	0.60449	0.199987	0	NA	NA
"(31, 28, 64)-(35, 29, 62)"	4.986355	31.931051	1.42771	162	111	#00ffa3	1	"(35, 29, 62)-(35, 50, 62)"	0.719504	0.195467	0	NA	NA
"(34, 66, 61)-(35, 50, 62)"	19.898889	227.273949	1.906714	488	125	#007aff	15	"(35, 50, 62)-(41, 47, 60)"	1.308449	1.812204	2	NA	NA
"(34, 66, 61)-(35, 62, 55)"	7.452671	104.558539	2.11324	308	141	#5600ff	13	"(34, 66, 61)-(35, 50, 62)"	1.108315	0.374527	2	NA	NA
"(35, 62, 55)-(36, 23, 48)"	48.717549	846.485894	2.351756	2205	853	#00ffeb	9	"(34, 66, 61)-(35, 62, 55)"	1.112867	6.536925	2	2.307423013	0.515094443
"(36, 23, 48)-(36, 29, 36)"	15.659095	65.1143	1.150482	231	127	#ff0c7ffffffffffffe0f	4	"(35, 62, 55)-(36, 23, 48)"	0.489201	0.321426	2	NA	0.487169779
"(36, 29, 36)-(37, 28, 36)"	1.183216	1.252198	0.580403	2	0	#00ffbc	2	"(36, 23, 48)-(36, 29, 36)"	0.504487	0.075561	2	NA	NA
"(37, 28, 36)-(39, 21, 34)"	12.163706	45.705229	1.093642	208	135	#4900ff	1	"(36, 29, 36)-(37, 28, 36)"	1.88428	10.280208	0	NA	NA
"(31, 17, 42)-(37, 28, 36)"	22.840763	103.93244	1.203498	292	126	#b2ff7fffffffffffff4e	1	"(36, 29, 36)-(37, 28, 36)"	2.073556	19.303968	0	NA	NA
"(35, 36, 35)-(36, 29, 36)"	7.88442	36.939843	1.221203	90	31	#b700ff	2	"(36, 23, 48)-(36, 29, 36)"	1.06147	0.503504	2	NA	NA
"(35, 36, 35)-(39, 31, 34)"	6.557656	15.652476	0.87165	33	8	#00ff96	1	"(35, 36, 35)-(36, 29, 36)"	0.713764	0.831723	0	NA	NA
"(35, 32, 42)-(35, 36, 35)"	14.076559	68.244795	1.242257	294	185	#00fff3	1	"(35, 36, 35)-(36, 29, 36)"	1.017241	1.785364	0	NA	NA
"(35, 15, 49)-(36, 23, 48)"	10.01424	144.628877	2.144093	347	116	#00fff5	5	"(35, 62, 55)-(36, 23, 48)"	0.911699	0.205557	2	3.570555517	NA
"(35, 15, 49)-(37, 3, 48)"	16.959981	219.760761	2.030895	531	180	#fd00ff	4	"(35, 15, 49)-(36, 23, 48)"	0.947205	1.693586	2	0.83906436	0.607860084
"(37, 3, 48)-(39, 5, 47)"	2.666456	5.634891	0.820164	13	4	#4400ff	3	"(35, 15, 49)-(37, 3, 48)"	0.403844	0.15722	2	NA	NA
"(39, 5, 47)-(40, 6, 44)"	6.816151	25.67006	1.094886	78	37	#08ff7ffffffffffffff8	2	"(37, 3, 48)-(39, 5, 47)"	1.33496	2.556259	2	NA	0.598428936
"(39, 6, 44)-(40, 6, 44)"	0.83666	1.252198	0.690219	2	0	#ffb47ffffffffffffeb7	1	"(39, 5, 47)-(40, 6, 44)"	0.630403	0.122747	0	NA	NA
"(39, 4, 42)-(40, 6, 44)"	3.891201	15.652476	1.131553	62	37	#d700ff	1	"(39, 5, 47)-(40, 6, 44)"	1.033489	0.570879	0	NA	NA
"(39, 1, 42)-(39, 5, 47)"	8.66059	17.530773	0.802697	65	37	#ff00f9	1	"(37, 3, 48)-(39, 5, 47)"	0.978704	3.247978	0	NA	NA
"(35, 3, 44)-(37, 3, 48)"	8.888791	25.67006	0.958776	83	42	#ff006e	1	"(35, 15, 49)-(37, 3, 48)"	0.472095	0.524104	0	NA	NA
"(35, 9, 39)-(35, 15, 49)"	14.909811	81.392874	1.318203	374	244	#ff727ffffffffffffe75	1	"(35, 15, 49)-(36, 23, 48)"	0.614807	1.488861	0	NA	NA
"(35, 62, 55)-(35, 124, 62)"	72.052675	2276.496087	3.171272	7445	3809	#2f00ff	4	"(34, 66, 61)-(35, 62, 55)"	1.500668	9.668034	2	0.724937766	0.243303959
"(34, 124, 60)-(35, 124, 62)"	2.707985	10.017585	1.085134	17	1	#00ff04	3	"(35, 62, 55)-(35, 124, 62)"	0.342176	0.037583	3	NA	NA
"(31, 127, 62)-(34, 124, 60)"	4.727861	16.904674	1.066832	32	5	#00adff	1	"(34, 124, 60)-(35, 124, 62)"	0.983134	1.745896	0	NA	NA
"(31, 127, 56)-(34, 124, 60)"	8.272505	118.958816	2.139463	653	463	#00a1ff	1	"(34, 124, 60)-(35, 124, 62)"	1.971612	3.054857	0	NA	NA
"(28, 127, 57)-(34, 124, 60)"	17.874055	180.942621	1.795081	748	459	#ffb47ffffffffffffeb7	1	"(34, 124, 60)-(35, 124, 62)"	1.654247	6.600501	0	NA	NA
"(31, 127, 64)-(35, 124, 62)"	6.169571	35.687645	1.356927	89	32	#001aff	1	"(35, 62, 55)-(35, 124, 62)"	0.427881	0.085626	0	NA	NA
"(25, 125, 48)-(34, 66, 61)"	89.751863	806.415555	1.691153	2944	1656	#ff7e7ffffffffffffe81	2	"(34, 66, 61)-(35, 50, 62)"	0.886946	4.510396	2	2.532544666	NA
"(25, 125, 48)-(25, 127, 36)"	11.393762	30.678853	0.925787	97	48	#28ff7fffffffffffffd8	1	"(25, 125, 48)-(34, 66, 61)"	0.54743	0.126947	0	NA	NA
"(23, 27, 44)-(25, 125, 48)"	107.656332	797.02407	1.535115	5534	4261	#0081ff	1	"(25, 125, 48)-(34, 66, 61)"	0.907733	1.199489	0	NA	NA
"(31, 49, 58)-(35, 50, 62)"	6.252629	36.313744	1.359657	114	56	#ff00bd	38	"(35, 50, 62)-(41, 47, 60)"	0.933041	0.569431	2	NA	NA
"(28, 36, 51)-(31, 49, 58)"	19.981992	112.697826	1.339872	421	241	#ffe37ffffffffffffee6	4	"(31, 49, 58)-(35, 50, 62)"	0.985449	3.195774	2	10.21005302	NA
"(28, 0, 51)-(28, 36, 51)"	46.237222	217.256365	1.222969	774	427	#00ff44	1	"(28, 36, 51)-(31, 49, 58)"	0.91275	2.313945	0	NA	NA
"(24, 4, 54)-(28, 36, 51)"	42.365668	216.630266	1.275785	923	577	#ff004e	3	"(28, 36, 51)-(31, 49, 58)"	0.952169	2.120192	2	1.025939089	0.220378375
"(24, 4, 54)-(25, 2, 56)"	2.707985	4.382693	0.717749	9	2	#46ff7fffffffffffffba	2	"(24, 4, 54)-(28, 36, 51)"	0.562594	0.063919	2	NA	NA
"(23, 2, 56)-(25, 2, 56)"	2.966479	6.887089	0.859651	14	3	#00f1ff	1	"(24, 4, 54)-(25, 2, 56)"	1.197705	1.095457	0	NA	NA
"(23, 0, 58)-(25, 2, 56)"	6.599185	41.948635	1.422456	311	244	#fff87ffffffffffffefb	1	"(24, 4, 54)-(25, 2, 56)"	1.98183	2.436936	0	NA	NA
"(23, 3, 54)-(24, 4, 54)"	1.183216	1.252198	0.580403	2	0	#6fff7fffffffffffff91	1	"(24, 4, 54)-(28, 36, 51)"	0.454938	0.027929	0	NA	NA
"(19, 85, 56)-(31, 49, 58)"	68.1669	993.619166	2.154013	3219	1632	#3f00ff	34	"(31, 49, 58)-(35, 50, 62)"	1.584233	10.902118	2	NA	NA
"(19, 16, 49)-(19, 85, 56)"	82.28148	1678.571509	2.548261	5232	2551	#0015ff	18	"(19, 85, 56)-(31, 49, 58)"	1.18303	1.207059	2	1.087041881	0.330761686
"(18, 14, 48)-(19, 16, 49)"	2.3199	4.382693	0.775463	9	2	#fdff7fffffffffffff03	17	"(19, 16, 49)-(19, 85, 56)"	0.304311	0.028195	2	NA	NA
"(18, 14, 48)-(21, 14, 41)"	9.596546	38.192041	1.125522	112	51	#5900ff	14	"(18, 14, 48)-(19, 16, 49)"	1.45142	4.136621	2	2.061940811	0.912531361
"(20, 13, 36)-(21, 14, 41)"	6.382219	16.904674	0.918211	48	21	#ff0054	13	"(18, 14, 48)-(21, 14, 41)"	0.815809	0.665054	3	NA	NA
"(20, 13, 36)-(29, 14, 36)"	10.64394	43.200833	1.136632	118	49	#00a8ff	6	"(20, 13, 36)-(21, 14, 41)"	1.237876	1.667749	2	2.675373143	1.772979357
"(29, 14, 36)-(29, 18, 38)"	5.415969	12.521981	0.857874	44	24	#ff0010	4	"(20, 13, 36)-(29, 14, 36)"	0.754751	0.508831	2	NA	NA
"(28, 29, 42)-(29, 18, 38)"	17.982403	67.618696	1.094044	308	200	#00a0ff	2	"(29, 14, 36)-(29, 18, 38)"	1.275296	3.320256	2	3.589477239	0.335356451
"(27, 29, 44)-(28, 29, 42)"	3.891201	13.774179	1.061491	56	34	#ff907ffffffffffffe93	1	"(28, 29, 42)-(29, 18, 38)"	0.970245	0.216389	0	NA	NA
"(27, 28, 42)-(28, 29, 42)"	1.183216	1.252198	0.580403	2	0	#ff0011	1	"(28, 29, 42)-(29, 18, 38)"	0.530512	0.065799	0	NA	NA
"(28, 17, 39)-(29, 18, 38)"	1.48324	1.252198	0.518389	2	0	#fff57ffffffffffffef8	2	"(29, 14, 36)-(29, 18, 38)"	0.604272	0.273864	2	NA	NA
"(27, 16, 39)-(28, 17, 39)"	1.183216	1.252198	0.580403	2	0	#ff6f7ffffffffffffe72	1	"(28, 17, 39)-(29, 18, 38)"	1.119628	0.797724	0	NA	NA
"(27, 14, 42)-(28, 17, 39)"	7.493612	18.782971	0.893226	88	58	#00ff2f	1	"(28, 17, 39)-(29, 18, 38)"	1.723081	5.052192	0	NA	NA
"(29, 7, 38)-(29, 14, 36)"	8.691472	21.913466	0.895847	82	47	#ffa07ffffffffffffea3	2	"(20, 13, 36)-(29, 14, 36)"	0.788159	0.816565	2	NA	2.687442915
"(27, 6, 39)-(29, 7, 38)"	3.503116	5.008792	0.674628	18	10	#005fff	1	"(29, 7, 38)-(29, 14, 36)"	0.753061	0.403052	0	NA	NA
"(27, 2, 39)-(29, 7, 38)"	8.402095	40.696437	1.241679	162	97	#ff00d5	1	"(29, 7, 38)-(29, 14, 36)"	1.386039	0.966706	0	NA	NA
"(19, 11, 35)-(20, 13, 36)"	2.3199	3.130495	0.655386	5	0	#00c2ff	6	"(20, 13, 36)-(21, 14, 41)"	0.713764	0.363494	2	NA	NA
"(19, 8, 35)-(19, 11, 35)"	3.803139	10.643684	0.943843	24	7	#ff00c9	2	"(19, 11, 35)-(20, 13, 36)"	1.440134	1.639355	2	NA	NA
"(19, 8, 35)-(23, 2, 39)"	13.605416	58.853309	1.173423	151	57	#0037ff	1	"(19, 8, 35)-(19, 11, 35)"	1.243239	3.577417	0	NA	NA
"(19, 8, 35)-(19, 8, 39)"	7.69434	31.931051	1.149333	105	54	#00baff	1	"(19, 8, 35)-(19, 11, 35)"	1.217716	2.023155	0	NA	NA
"(14, 11, 35)-(19, 11, 35)"	6.257632	15.652476	0.892301	30	5	#ff777ffffffffffffe7a	4	"(19, 11, 35)-(20, 13, 36)"	1.36149	2.697372	2	NA	NA
"(13, 21, 36)-(14, 11, 35)"	12.634848	40.070338	1.004735	142	78	#00ffdc	3	"(14, 11, 35)-(19, 11, 35)"	1.126004	2.01911	2	2.413752027	0.542724186
"(13, 21, 36)-(13, 25, 36)"	4.12281	6.887089	0.729199	13	2	#ff00a9	2	"(13, 21, 36)-(14, 11, 35)"	0.725763	0.326305	2	NA	NA
"(11, 27, 42)-(13, 25, 36)"	10.650172	36.313744	1.041795	224	166	#4eff7fffffffffffffb2	1	"(13, 21, 36)-(13, 25, 36)"	1.428683	2.583231	0	NA	NA
"(11, 23, 34)-(13, 25, 36)"	2.966479	5.634891	0.777584	10	1	#31ff7fffffffffffffcf	1	"(13, 21, 36)-(13, 25, 36)"	1.066353	0.719529	0	NA	NA
"(11, 19, 34)-(13, 21, 36)"	2.966479	5.634891	0.777584	9	0	#5fff7fffffffffffffa1	1	"(13, 21, 36)-(14, 11, 35)"	0.773919	0.234786	0	NA	NA
"(11, 4, 34)-(14, 11, 35)"	8.66059	28.174457	1.017605	69	24	#ffbe7ffffffffffffec1	1	"(14, 11, 35)-(19, 11, 35)"	1.140427	1.384004	0	NA	NA
"(15, 22, 42)-(20, 13, 36)"	38.05965	187.82971	1.253357	646	346	#00ffb7	1	"(20, 13, 36)-(21, 14, 41)"	1.364999	5.963388	0	NA	NA
"(19, 14, 42)-(21, 14, 41)"	2.666456	3.756594	0.669661	17	11	#9000ff	1	"(18, 14, 48)-(21, 14, 41)"	0.594978	0.277856	0	NA	NA
"(18, 4, 50)-(18, 14, 48)"	13.627299	133.359094	1.764946	265	52	#00a7ff	3	"(18, 14, 48)-(19, 16, 49)"	2.275991	5.87409	2	2.042342219	NA
"(15, 5, 52)-(18, 4, 50)"	4.149695	18.782971	1.200326	73	43	#8c00ff	1	"(18, 4, 50)-(18, 14, 48)"	0.680092	0.304513	0	NA	NA
"(12, 3, 42)-(18, 4, 50)"	14.723139	79.514577	1.311137	239	112	#1c00ff	2	"(18, 4, 50)-(18, 14, 48)"	0.742877	1.080415	2	1.566190699	0.354567303
"(11, 4, 44)-(12, 3, 42)"	4.149695	12.521981	0.980062	80	60	#07ff7ffffffffffffff9	1	"(12, 3, 42)-(18, 4, 50)"	0.74749	0.281849	0	NA	NA
"(11, 3, 42)-(12, 3, 42)"	0.83666	1.252198	0.690219	2	0	#00ffcd	1	"(12, 3, 42)-(18, 4, 50)"	0.526428	0.056826	0	NA	NA
"(15, 2, 54)-(19, 16, 49)"	27.131284	306.788527	1.897184	1162	672	#ff0013	1	"(19, 16, 49)-(19, 85, 56)"	0.744501	0.329737	0	NA	NA
"(18, 95, 58)-(19, 85, 56)"	14.03503	286.127258	2.547405	738	281	#82ff7fffffffffffff7e	16	"(19, 85, 56)-(31, 49, 58)"	1.182632	0.205892	2	NA	NA
"(18, 95, 58)-(18, 113, 57)"	19.591627	582.272101	3.075763	1522	592	#ff004b	3	"(18, 95, 58)-(19, 85, 56)"	1.20741	1.395909	2	NA	NA
"(15, 119, 52)-(18, 113, 57)"	23.032214	744.431751	3.207522	1913	724	#eb00ff	1	"(18, 95, 58)-(18, 113, 57)"	1.042838	1.175615	0	NA	NA
"(13, 124, 59)-(18, 113, 57)"	26.688199	298.02314	1.885343	1176	700	#e600ff	2	"(18, 95, 58)-(18, 113, 57)"	0.612968	1.362225	2	1.204549039	0.474754053
"(11, 127, 64)-(13, 124, 59)"	7.82393	27.548357	1.05867	91	47	#1fff7fffffffffffffe1	1	"(13, 124, 59)-(18, 113, 57)"	0.561526	0.293161	0	NA	NA
"(11, 127, 56)-(13, 124, 59)"	4.769389	16.904674	1.062177	44	17	#00a8ff	1	"(13, 124, 59)-(18, 113, 57)"	0.563387	0.178708	0	NA	NA
"(4, 95, 57)-(18, 95, 58)"	16.652033	232.282742	2.107172	1157	786	#8900ff	13	"(18, 95, 58)-(19, 85, 56)"	0.827184	1.186462	2	NA	NA
"(3, 118, 57)-(4, 95, 57)"	27.178944	926.000471	3.293172	2738	1259	#00a3ff	2	"(4, 95, 57)-(18, 95, 58)"	1.56284	1.63217	2	4.342848099	0.677976813
"(3, 118, 57)-(7, 127, 52)"	18.942911	349.363261	2.422927	1078	520	#ff0e7ffffffffffffe11	1	"(3, 118, 57)-(4, 95, 57)"	0.735743	0.69697	0	NA	NA
"(0, 119, 57)-(3, 118, 57)"	2.856536	84.52337	3.068977	344	209	#ffeb7ffffffffffffeee	1	"(3, 118, 57)-(4, 95, 57)"	0.931921	0.105101	0	NA	NA
"(3, 88, 56)-(4, 95, 57)"	7.27937	172.177234	2.743886	461	186	#22ff7fffffffffffffde	11	"(4, 95, 57)-(18, 95, 58)"	1.302165	0.437146	2	NA	NA
"(3, 88, 56)-(6, 2, 61)"	105.643941	1699.858876	2.263128	4283	1568	#b700ff	2	"(3, 88, 56)-(4, 95, 57)"	0.82479	14.512787	2	1.09225841	0.272984396
"(6, 2, 61)-(7, 7, 64)"	18.655183	90.158261	1.240304	369	225	#ff8b7ffffffffffffe8e	1	"(3, 88, 56)-(6, 2, 61)"	0.548048	0.176585	0	NA	NA
"(4, 0, 61)-(6, 2, 61)"	2.966479	12.521981	1.159153	41	21	#003fff	1	"(3, 88, 56)-(6, 2, 61)"	0.512191	0.02808	0	NA	NA
"(3, 30, 49)-(3, 88, 56)"	69.42525	1672.936618	2.76953	5811	3139	#ff00cb	9	"(3, 88, 56)-(4, 95, 57)"	1.009346	9.537261	2	1.312647371	0.420760294
"(3, 30, 49)-(4, 18, 50)"	15.947198	173.429432	1.860563	468	191	#0069ff	8	"(3, 30, 49)-(3, 88, 56)"	0.671797	0.229703	2	5.445770901	0.550920208
"(4, 18, 50)-(5, 16, 52)"	3.302388	30.678853	1.719612	80	31	#ff777ffffffffffffe7a	2	"(3, 30, 49)-(4, 18, 50)"	0.924243	0.207083	2	NA	NA
"(5, 16, 52)-(7, 16, 54)"	7.006231	56.348913	1.600021	215	125	#1c00ff	1	"(4, 18, 50)-(5, 16, 52)"	0.930454	2.121565	0	NA	NA
"(5, 16, 52)-(7, 15, 64)"	21.300442	208.490978	1.765121	676	343	#7300ff	1	"(4, 18, 50)-(5, 16, 52)"	1.026464	6.450012	0	NA	NA
"(4, 14, 48)-(4, 18, 50)"	5.932959	43.826932	1.533416	83	13	#00ff0c	6	"(3, 30, 49)-(4, 18, 50)"	0.824168	0.372038	2	NA	NA
"(4, 14, 48)-(6, 15, 46)"	2.707985	6.887089	0.899746	12	1	#8800ff	5	"(4, 14, 48)-(4, 18, 50)"	0.586759	0.456431	2	NA	NA
"(5, 17, 37)-(6, 15, 46)"	11.467871	34.435447	0.977657	120	65	#bc00ff	4	"(4, 14, 48)-(6, 15, 46)"	1.086592	4.234836	2	NA	NA
"(4, 25, 36)-(5, 17, 37)"	11.296752	50.087923	1.187995	131	51	#deff7fffffffffffff22	3	"(5, 17, 37)-(6, 15, 46)"	1.215145	0.985078	2	NA	NA
"(4, 25, 36)-(10, 17, 39)"	18.496472	55.722814	0.979258	226	137	#ff0093	2	"(4, 25, 36)-(5, 17, 37)"	0.824294	1.637327	2	NA	1.146878455
"(7, 11, 42)-(10, 17, 39)"	8.892199	33.809348	1.100117	130	76	#ff00f5	1	"(4, 25, 36)-(10, 17, 39)"	1.123419	0.480751	0	NA	NA
"(7, 10, 39)-(10, 17, 39)"	11.30016	35.061546	0.993798	120	64	#00a4ff	1	"(4, 25, 36)-(10, 17, 39)"	1.014848	0.610936	0	NA	NA
"(3, 27, 39)-(4, 25, 36)"	5.864544	36.939843	1.415975	199	140	#ff00b5	1	"(4, 25, 36)-(5, 17, 37)"	1.191902	0.519135	0	NA	NA
"(0, 2, 38)-(5, 17, 37)"	18.457179	107.689034	1.362788	291	119	#d600ff	1	"(5, 17, 37)-(6, 15, 46)"	1.393932	1.609469	0	NA	NA
"(3, 13, 44)-(6, 15, 46)"	3.803139	10.017585	0.915663	48	32	#ff7a7ffffffffffffe7d	1	"(4, 14, 48)-(6, 15, 46)"	1.01769	1.404417	0	NA	NA
"(0, 1, 49)-(4, 14, 48)"	16.530367	217.882464	2.048307	555	207	#ff0071	1	"(4, 14, 48)-(4, 18, 50)"	1.33578	2.786193	0	NA	NA
"(3, 26, 42)-(3, 30, 49)"	11.048904	67.618696	1.395722	320	212	#ff0012	1	"(3, 30, 49)-(3, 88, 56)"	0.503956	0.159148	0	NA	NA
"(59, 4, 64)-(63, 42, 58)"	49.972265	289.257754	1.357385	1271	809	#ff0066	1	"(63, 42, 58)-(67, 39, 62)"	1.032389	7.881203	0	NA	NA
"(67, 58, 52)-(67, 84, 58)"	30.961474	813.302645	2.891614	2486	1187	#00e9ff	14	"(63, 89, 57)-(67, 84, 58)"	0.767094	1.950139	2	1.953972079	NA
"(67, 23, 49)-(67, 58, 52)"	42.960027	631.107826	2.162443	1914	906	#ff607ffffffffffffe63	13	"(67, 58, 52)-(67, 84, 58)"	0.747832	1.387532	2	6.140224826	0.499799022
"(67, 10, 49)-(67, 23, 49)"	15.537231	162.15965	1.822677	391	132	#00ff35	12	"(67, 23, 49)-(67, 58, 52)"	0.842879	0.361667	2	NA	NA
"(65, 14, 37)-(67, 10, 49)"	15.730918	71.37529	1.201772	202	88	#2dff7fffffffffffffd3	7	"(67, 10, 49)-(67, 23, 49)"	0.659344	1.012466	2	5.014694785	0.668331906
"(65, 14, 37)-(68, 10, 36)"	7.135821	26.296159	1.083052	60	18	#0031ff	3	"(65, 14, 37)-(67, 10, 49)"	0.901213	0.453618	2	NA	NA
"(67, 8, 39)-(68, 10, 36)"	4.769389	23.165664	1.243415	71	34	#00d6ff	1	"(65, 14, 37)-(68, 10, 36)"	1.148066	0.668373	0	NA	NA
"(58, 2, 39)-(68, 10, 36)"	18.049492	85.775568	1.229913	274	137	#76ff7fffffffffffff8a	2	"(65, 14, 37)-(68, 10, 36)"	1.135599	2.52942	2	1.407344287	0.613023888
"(55, 0, 43)-(58, 2, 39)"	5.674464	10.643684	0.772696	29	12	#ff087ffffffffffffe0b	1	"(58, 2, 39)-(68, 10, 36)"	0.628253	0.314384	0	NA	NA
"(55, 0, 34)-(58, 2, 39)"	5.980079	10.017585	0.730219	18	2	#00d4ff	1	"(58, 2, 39)-(68, 10, 36)"	0.593716	0.331316	0	NA	NA
"(65, 14, 37)-(66, 17, 35)"	4.149695	13.14808	1.004265	33	12	#ff8b7ffffffffffffe8e	4	"(65, 14, 37)-(67, 10, 49)"	0.835653	0.263792	2	NA	NA
"(66, 17, 35)-(66, 27, 36)"	12.634163	51.340121	1.137314	131	49	#00ffdd	3	"(65, 14, 37)-(66, 17, 35)"	1.132484	3.0446	2	3.444539083	0.551570936
"(66, 27, 36)-(67, 29, 35)"	2.3199	6.887089	0.972094	16	5	#8400ff	2	"(66, 17, 35)-(66, 27, 36)"	0.854728	0.183621	2	NA	NA
"(67, 29, 35)-(67, 30, 42)"	11.874917	80.766775	1.471384	463	334	#ffcb7ffffffffffffece	1	"(66, 27, 36)-(67, 29, 35)"	1.513623	5.11872	0	NA	NA
"(63, 28, 42)-(67, 29, 35)"	9.540961	40.696437	1.165218	146	81	#1c00ff	1	"(66, 27, 36)-(67, 29, 35)"	1.198668	4.112661	0	NA	NA
"(63, 26, 39)-(66, 27, 36)"	5.115945	12.521981	0.882671	43	23	#0051ff	1	"(66, 17, 35)-(66, 27, 36)"	0.776101	0.40493	0	NA	NA
"(55, 24, 34)-(66, 17, 35)"	22.068002	95.167053	1.17162	385	233	#ffa47ffffffffffffea7	1	"(65, 14, 37)-(66, 17, 35)"	1.166645	5.317981	0	NA	NA
"(60, 2, 52)-(67, 10, 49)"	15.925316	180.942621	1.901741	505	216	#e6ff7fffffffffffff1a	5	"(67, 10, 49)-(67, 23, 49)"	1.043378	1.024978	2	0.746954114	1.079326832
"(60, 2, 52)-(60, 10, 46)"	14.783629	46.957428	1.005511	127	52	#69ff7fffffffffffff97	2	"(60, 2, 52)-(67, 10, 49)"	0.528732	0.92831	2	NA	1.64755589
"(59, 15, 44)-(60, 10, 46)"	7.089289	43.826932	1.402795	187	117	#80ff7fffffffffffff80	1	"(60, 2, 52)-(60, 10, 46)"	1.395107	0.479536	0	NA	NA
"(59, 3, 42)-(60, 10, 46)"	11.927093	42.574734	1.065942	152	84	#ff00cd	1	"(60, 2, 52)-(60, 10, 46)"	1.060101	0.806777	0	NA	NA
"(59, 1, 53)-(60, 2, 52)"	1.48324	1.252198	0.518389	2	0	#0016ff	3	"(60, 2, 52)-(67, 10, 49)"	0.272587	0.093137	2	NA	NA
"(59, 1, 53)-(59, 3, 54)"	2.061405	4.382693	0.822648	23	16	#8aff7fffffffffffff76	1	"(59, 1, 53)-(60, 2, 52)"	1.586931	1.389799	0	NA	NA
"(58, 2, 52)-(59, 1, 53)"	1.48324	1.252198	0.518389	2	0	#00ff02	2	"(59, 1, 53)-(60, 2, 52)"	1	1	2	NA	NA
"(55, 12, 51)-(58, 2, 52)"	12.441847	58.22721	1.220522	221	128	#b5ff7fffffffffffff4b	1	"(58, 2, 52)-(59, 1, 53)"	2.354451	8.388292	0	NA	NA
"(55, 4, 44)-(58, 2, 52)"	12.263002	53.218418	1.175324	150	65	#ff987ffffffffffffe9b	1	"(58, 2, 52)-(59, 1, 53)"	2.267262	8.267714	0	NA	NA
"(63, 21, 54)-(67, 23, 49)"	6.816739	87.027766	2.015885	270	131	#ad00ff	1	"(67, 23, 49)-(67, 58, 52)"	0.932226	0.158676	0	NA	NA
"(63, 37, 54)-(67, 58, 52)"	28.729957	320.562705	1.884578	627	115	#ff6d7ffffffffffffe70	1	"(67, 58, 52)-(67, 84, 58)"	0.651739	0.927926	0	NA	NA
