 name	 vol(cu.um)	 len(um)	 <r>_vl(um)	 <r>_obs(um)	 par	 num_child	 children...		
11.01	7161.06	125.315	4.26493	5.52524	nan	2	6.01	12.01	
6.01	2515.07	35.5481	4.74561	3.78982	11	2	5.01	2.01	
5.01	4393.54	135.945	3.20739	2.58438	6	2	9.01	10.01	
9.01	181.888	7.05206	2.86529	1.86756	5	2	17.01	18.01	
17.01	244.608	77.9172	0.99964	0.756153	9	0			
18.01	2668.74	141.777	2.44779	1.79047	9	2	24.01	25.01	
24.01	214.816	23.1741	1.71774	1.53127	18	2	30.01	31.01	
30.01	23.52	1.4	2.31249	1.44849	24	2	38.01	39.01	
38.01	35.5413	10.5237	1.03683	0.748325	30	2	45.01	46.01	
45.01	54.3573	26.719	0.804719	0.311111	38	0			
46.01	1.04533	0.5	0.815769	0	38	0			
39.01	59.584	14.9622	1.12588	0.889786	30	0			
31.01	370.048	101.295	1.07835	2.3302	24	0			
25.01	144.256	17.6492	1.61298	1.2172	18	2	32.01	33.01	
32.01	43.904	2.12603	2.56385	1.96201	25	2	40.01	41.01	
40.01	269.696	30.5184	1.67719	1.50604	32	2	47.01	48.01	
47.01	54.88	20.5213	0.922634	0.671825	40	0			
48.01	268.128	40.0195	1.46036	1.32996	40	0			
41.01	40.768	8.8172	1.21316	1.10902	32	0			
33.01	156.8	19.3698	1.60522	1.25594	25	2	35.01	42.01	
35.01	2762.82	143.227	2.47792	1.84149	33	2	34.01	26.01	
34.01	50.176	7.07107	1.5029	1.38245	35	2	43.01	44.01	
43.01	272.832	76.8363	1.06314	0.807809	34	0			
44.01	316.736	32.0079	1.77478	1.62488	34	2	51.01	52.01	
51.01	442.176	140.375	1.00133	0.67668	44	0			
52.01	382.592	81.9896	1.21875	1.09488	44	0			
26.01	247.744	14.5427	2.32865	1.67553	35	2	27.01	21.01	
27.01	649.152	68.176	1.74094	2.22195	26	0			
21.01	5888.36	164.685	3.37362	2.89291	26	1	13.01		
13.01	30435.4	72.3606	11.5708	33.7891	21	2	7.01	14.01	
7.01	2292.42	258.118	1.68137	1.32285	13	2	4.01	8.01	
4.01	2308.1	243.921	1.73551	1.323	7	2	3.01	1.01	
3.01	130.144	12.4167	1.82656	1.67862	4	0			
1.01	26.656	0.5	4.11943	1.94905	4	1	0.01		
0.01	2195.2	104.301	2.58832	2.13951	1	0			
8.01	279.104	30.2682	1.71323	1.35932	7	2	15.01	16.01	
15.01	191.296	54.9884	1.05231	0.875218	8	0			
16.01	175.616	37.9847	1.21312	0.997919	8	0			
14.01	856.128	24.1309	3.36053	2.46705	13	2	22.01	23.01	
22.01	243.04	7.32548	3.24972	2.21489	14	2	28.01	29.01	
28.01	254.016	7.07107	3.38153	2.34622	22	2	36.01	37.01	
36.01	94.08	9.1971	1.80446	1.68918	28	0			
37.01	1724.8	90.0887	2.46865	1.92482	28	0			
29.01	109.76	24.4628	1.19507	1.11913	22	0			
23.01	221.088	25.0079	1.67753	1.52906	14	0			
42.01	279.104	32.187	1.66137	1.38069	33	2	49.01	50.01	
49.01	90.944	13.977	1.43915	1.36459	42	2	53.01	54.01	
53.01	34.496	12.3432	0.943181	0.509091	49	0			
54.01	81.536	32.39	0.895147	0.703595	49	0			
50.01	235.2	47.9663	1.24933	1.07982	42	0			
10.01	884.352	69.0222	2.0195	4.60332	5	2	19.01	20.01	
19.01	116.032	40.3275	0.957004	0.578378	10	0			
20.01	188.16	54.5314	1.04801	0.79143	10	0			
2.01	1386.11	25.6818	4.14487	3.04233	6	0			
12.01	481.899	5.92548	5.08793	3.88522	11	0			
6.02	1346.91	41.2192	3.22511	4.08842	N/A	3	5.02	7.02	4.02
5.02	2397.47	18.1019	6.49291	5.75423	6	2	8.02	9.02	
8.02	43.904	0.5	5.28679	2.52017	5	2	12.02	13.02	
12.02	326.144	16.8735	2.48043	2.33509	8	0			
13.02	382.592	19.9167	2.47277	2.77664	8	0			
9.02	5621.28	81.8981	4.67418	5.17462	5	2	14.02	15.02	
14.02	2864.74	30.7872	5.4423	7.19959	9	2	19.02	20.02	
19.02	589.568	13.9912	3.66239	3.77066	14	2	11.02	18.02	
11.02	602.112	14.1421	3.68134	3.0597	19	1	10.02		
10.02	366.912	4.52548	5.08011	3.3091	11	2	16.02	17.02	
16.02	25.088	0.5	3.99644	1.64719	10	2	23.02	24.02	
23.02	188.16	12.3084	2.20591	1.69966	16	2	27.02	28.02	
27.02	144.256	24.4669	1.36994	1.09738	23	0			
28.02	75.264	9.70593	1.57109	1.14741	23	0			
24.02	263.424	23.2682	1.89833	1.65537	16	0			
17.02	489.216	17.1775	3.01089	2.77329	10	0			
18.02	272.832	23.3344	1.92919	1.84171	19	0			
20.02	159.936	17.3711	1.71192	2.13468	14	0			
15.02	8084.61	53.1128	6.96073	9.11919	9	2	21.02	22.02	
21.02	232.064	13.8309	2.31102	3.4582	15	2	25.02	26.02	
25.02	304.192	17.2486	2.36931	3.28485	21	0			
26.02	210.112	19.7231	1.84146	1.46053	21	0			
22.02	59.584	1.6	3.44294	2.46019	15	0			
7.02	602.112	8.39764	4.77733	3.93085	6	0			
4.02	18182.5	79.4851	8.53315	10.6982	6	2	2.02	3.02	
2.02	671.104	27.1717	2.80389	2.45882	4	2	1.02	0.02	
1.02	31.36	4.25206	1.53219	1.18716	2	0			
0.02	125.44	21.6296	1.35869	1.11522	2	0			
3.02	777.728	41.5541	2.4408	3.18635	4	0			
0.3	310.464	35.5516	1.66725	1.84021	N/A	2	1.3	2.3	
1.3	6.272	0.5	1.99822	0.7	0	2	3.3	4.3	
3.3	84.672	7.32548	1.91812	2.61					
