tag	name	len	vol	rad	voxc	defc	col	tips	parent	beta	gamma	nchild	q	s
patient8.gd	"(101, 249, 29)-(103, 210, 25)"	61.233695	6746.843187	5.92216	3302	159	#ff217ffffffffffffe24	106	NA	NA	NA	2	2.079543623	0.421280383
patient8.gd	"(102, 207, 25)-(103, 210, 25)"	4.318677	191.049648	3.752519	126	37	#ff00aa	9	"(101, 249, 29)-(103, 210, 25)"	0.63364	0.070528	2	1.375095893	NA
patient8.gd	"(102, 207, 25)-(114, 182, 24)"	46.824183	938.075238	2.525276	600	163	#ff0029	8	"(102, 207, 25)-(103, 210, 25)"	0.672955	10.842253	2	0.692760146	0.541861792
patient8.gd	"(114, 181, 23)-(114, 182, 24)"	1.843909	4.293251	0.860892	2	0	#0010ff	7	"(102, 207, 25)-(114, 182, 24)"	0.34091	0.039379	2	NA	NA
patient8.gd	"(114, 181, 23)-(116, 180, 19)"	6.873367	17.173002	0.891792	8	0	#ff007a	2	"(114, 181, 23)-(114, 182, 24)"	1.035893	3.727607	2	4.73147924	NA
patient8.gd	"(116, 180, 19)-(120, 178, 17)"	7.133742	12.879752	0.758089	6	0	#00ffbe	1	"(114, 181, 23)-(116, 180, 19)"	0.850074	1.037882	0	NA	NA
patient8.gd	"(116, 180, 19)-(117, 181, 18)"	2.236068	4.293251	0.781764	2	0	#00ff9f	1	"(114, 181, 23)-(116, 180, 19)"	0.876622	0.325324	0	NA	NA
patient8.gd	"(114, 180, 24)-(114, 181, 23)"	1.843909	4.293251	0.860892	2	0	#ff000e	5	"(114, 181, 23)-(114, 182, 24)"	1	1	2	NA	NA
patient8.gd	"(114, 180, 24)-(115, 180, 25)"	1.843909	4.293251	0.860892	2	0	#00ff20	4	"(114, 180, 24)-(114, 181, 23)"	1	1	2	NA	NA
patient8.gd	"(115, 180, 25)-(116, 181, 26)"	2.236068	4.293251	0.781764	2	0	#00ff98	3	"(114, 180, 24)-(115, 180, 25)"	0.908087	1.212678	2	NA	NA
patient8.gd	"(116, 181, 26)-(154, 191, 20)"	59.374888	899.435983	2.195881	420	1	#005dff	2	"(115, 180, 25)-(116, 181, 26)"	2.80888	26.553257	2	1.280040692	0.582975308
patient8.gd	"(154, 191, 20)-(172, 203, 23)"	30.39736	201.782774	1.453614	94	0	#ffb27ffffffffffffeb5	1	"(116, 181, 26)-(154, 191, 20)"	0.661973	0.511956	0	NA	NA
patient8.gd	"(153, 189, 16)-(154, 191, 20)"	8.552113	32.199379	1.094743	15	0	#ff0066	1	"(116, 181, 26)-(154, 191, 20)"	0.498544	0.144036	0	NA	NA
patient8.gd	"(116, 181, 26)-(117, 178, 31)"	8.607167	55.812257	1.436679	26	0	#8600ff	1	"(115, 180, 25)-(116, 181, 26)"	1.83774	3.849242	0	NA	NA
patient8.gd	"(110, 178, 30)-(115, 180, 25)"	10.788181	64.398758	1.378446	32	2	#00d6ff	1	"(114, 180, 24)-(115, 180, 25)"	1.601184	5.850713	0	NA	NA
patient8.gd	"(111, 177, 24)-(114, 180, 24)"	6.26099	30.052754	1.236077	14	0	#2600ff	1	"(114, 180, 24)-(114, 181, 23)"	1.435811	3.395499	0	NA	NA
patient8.gd	"(112, 196, 7)-(114, 182, 24)"	32.955244	103.038012	0.997612	51	3	#c0ff7fffffffffffff40	1	"(102, 207, 25)-(114, 182, 24)"	0.395051	0.703808	0	NA	NA
patient8.gd	"(102, 203, 28)-(102, 207, 25)"	7.71274	96.598137	1.996664	70	25	#0091ff	1	"(102, 207, 25)-(103, 210, 25)"	0.532087	1.785904	0	NA	NA
patient8.gd	"(96, 205, 14)-(103, 210, 25)"	23.900863	1644.314948	4.679622	954	188	#ff00b5	97	"(101, 249, 29)-(103, 210, 25)"	0.790188	0.390322	2	1.378502126	0.492671582
patient8.gd	"(96, 205, 14)-(97, 204, 15)"	2.236068	4.293251	0.781764	2	0	#3f00ff	37	"(96, 205, 14)-(103, 210, 25)"	0.167057	0.093556	2	NA	NA
patient8.gd	"(97, 204, 15)-(103, 165, 24)"	64.319107	1348.080662	2.582932	740	112	#00ff25	13	"(96, 205, 14)-(97, 204, 15)"	3.303979	28.764379	2	2.320692665	0.667837838
patient8.gd	"(103, 165, 24)-(106, 138, 22)"	47.862098	860.796729	2.392652	411	10	#00ffdf	12	"(97, 204, 15)-(103, 165, 24)"	0.926332	0.744135	2	NA	0.449083733
patient8.gd	"(106, 138, 22)-(109, 127, 21)"	20.66877	251.155155	1.966703	131	14	#bbff7fffffffffffff45	11	"(103, 165, 24)-(106, 138, 22)"	0.821976	0.43184	2	0.751329433	0.311680226
patient8.gd	"(109, 127, 21)-(110, 126, 22)"	2.236068	4.293251	0.781764	2	0	#ff8c7ffffffffffffe8f	8	"(106, 138, 22)-(109, 127, 21)"	0.3975	0.108186	2	NA	NA
patient8.gd	"(110, 126, 22)-(116, 107, 20)"	38.547342	221.102402	1.351215	106	3	#0042ff	1	"(109, 127, 21)-(110, 126, 22)"	1.728418	17.238896	0	NA	NA
patient8.gd	"(110, 126, 22)-(111, 124, 24)"	5.868831	79.425135	2.075526	48	11	#ff007ffffffffffffe03	7	"(109, 127, 21)-(110, 126, 22)"	2.654927	2.624621	2	2.245601643	NA
patient8.gd	"(111, 124, 24)-(119, 116, 39)"	35.72696	96.598137	0.927708	46	1	#00ddff	2	"(110, 126, 22)-(111, 124, 24)"	0.446975	6.087577	2	NA	0.520004274
patient8.gd	"(119, 116, 39)-(122, 110, 50)"	18.948135	57.958882	0.986738	28	1	#af00ff	1	"(111, 124, 24)-(119, 116, 39)"	1.06363	0.53036	0	NA	NA
patient8.gd	"(119, 116, 39)-(119, 118, 40)"	3.10882	8.586501	0.937638	4	0	#ff5f7ffffffffffffe62	1	"(111, 124, 24)-(119, 116, 39)"	1.010704	0.087016	0	NA	NA
patient8.gd	"(98, 88, 19)-(111, 124, 24)"	68.462649	789.958095	1.916462	369	1	#ff00c7	5	"(110, 126, 22)-(111, 124, 24)"	0.923362	11.665466	2	1.558091721	0.338627089
patient8.gd	"(98, 88, 19)-(101, 78, 20)"	22.504168	180.316522	1.597024	84	0	#0058ff	4	"(98, 88, 19)-(111, 124, 24)"	0.833319	0.328707	2	1.915750609	1.939217048
patient8.gd	"(101, 78, 20)-(110, 79, 15)"	15.719234	68.692008	1.179404	32	0	#00ffe2	2	"(98, 88, 19)-(101, 78, 20)"	0.738501	0.698503	2	2.274730751	NA
patient8.gd	"(110, 79, 15)-(120, 68, 19)"	22.709488	62.252132	0.934111	30	1	#ff002d	1	"(101, 78, 20)-(110, 79, 15)"	0.79202	1.444694	0	NA	NA
patient8.gd	"(110, 79, 15)-(115, 75, 29)"	31.08966	62.252132	0.798352	29	0	#00ffb6	1	"(101, 78, 20)-(110, 79, 15)"	0.676911	1.97781	0	NA	NA
patient8.gd	"(93, 80, 15)-(101, 78, 20)"	15.762585	53.665631	1.041021	25	0	#ff004c	2	"(98, 88, 19)-(101, 78, 20)"	0.651851	0.70043	2	NA	NA
patient8.gd	"(92, 58, 17)-(93, 80, 15)"	49.258793	176.023271	1.066518	87	5	#00ff77	1	"(93, 80, 15)-(101, 78, 20)"	1.024492	3.125045	0	NA	NA
patient8.gd	"(88, 77, 20)-(93, 80, 15)"	11.158665	21.466253	0.782523	10	0	#ff00dd	1	"(93, 80, 15)-(101, 78, 20)"	0.751688	0.707921	0	NA	NA
patient8.gd	"(97, 87, 20)-(98, 88, 19)"	2.236068	4.293251	0.781764	2	0	#1bff7fffffffffffffe5	1	"(98, 88, 19)-(111, 124, 24)"	0.40792	0.032661	0	NA	NA
patient8.gd	"(108, 128, 20)-(109, 127, 21)"	2.236068	4.293251	0.781764	2	0	#90ff7fffffffffffff70	3	"(106, 138, 22)-(109, 127, 21)"	0.3975	0.108186	2	NA	NA
patient8.gd	"(108, 128, 20)-(117, 133, 5)"	31.950708	126.65089	1.123282	60	1	#ff0012	2	"(108, 128, 20)-(109, 127, 21)"	1.436856	14.288791	2	3.620731087	0.4614519
patient8.gd	"(116, 133, 4)-(117, 133, 5)"	1.843909	4.293251	0.860892	2	0	#00f8ff	1	"(108, 128, 20)-(117, 133, 5)"	0.766407	0.057711	0	NA	NA
patient8.gd	"(111, 136, 0)-(117, 133, 5)"	16.243178	49.372381	0.98363	30	7	#00fcff	1	"(108, 128, 20)-(117, 133, 5)"	0.875674	0.508382	0	NA	NA
patient8.gd	"(104, 135, 13)-(108, 128, 20)"	19.842562	55.812257	0.946218	79	53	#ff0097	1	"(108, 128, 20)-(109, 127, 21)"	1.210362	8.873863	0	NA	NA
patient8.gd	"(104, 139, 23)-(106, 138, 22)"	3.632763	83.718385	2.708426	80	41	#ff0075	1	"(103, 165, 24)-(106, 138, 22)"	1.131977	0.075901	0	NA	NA
patient8.gd	"(100, 166, 25)-(103, 165, 24)"	4.897674	21.466253	1.181159	12	2	#00ffb2	1	"(97, 204, 15)-(103, 165, 24)"	0.457294	0.076146	0	NA	NA
patient8.gd	"(84, 187, 16)-(97, 204, 15)"	33.037291	1760.232712	4.118204	926	106	#ff907ffffffffffffe93	24	"(96, 205, 14)-(97, 204, 15)"	5.267836	14.774726	2	1.790113586	1.444601602
patient8.gd	"(79, 180, 15)-(84, 187, 16)"	18.292407	319.847164	2.359179	167	18	#8c00ff	15	"(84, 187, 16)-(97, 204, 15)"	0.572866	0.55369	2	NA	NA
patient8.gd	"(79, 166, 24)-(79, 180, 15)"	26.320576	478.697433	2.406068	226	3	#1c00ff	14	"(79, 180, 15)-(84, 187, 16)"	1.019875	1.43888	2	4.23618794	NA
patient8.gd	"(77, 163, 25)-(79, 166, 24)"	5.289833	17.173002	1.016546	8	0	#00ffcd	1	"(79, 166, 24)-(79, 180, 15)"	0.422493	0.200977	0	NA	NA
patient8.gd	"(77, 140, 23)-(79, 166, 24)"	43.858851	787.81147	2.391154	375	8	#07ff7ffffffffffffff9	13	"(79, 166, 24)-(79, 180, 15)"	0.993802	1.666333	2	2.579060703	NA
patient8.gd	"(77, 140, 23)-(79, 136, 21)"	7.133742	64.398758	1.695138	34	4	#31ff7fffffffffffffcf	6	"(77, 140, 23)-(79, 166, 24)"	0.70892	0.162652	2	NA	1.627537174
patient8.gd	"(79, 136, 21)-(81, 138, 19)"	4.472136	15.026377	1.034177	7	0	#00a0ff	1	"(77, 140, 23)-(79, 136, 21)"	0.610084	0.626899	0	NA	NA
patient8.gd	"(79, 133, 21)-(79, 136, 21)"	4.84262	53.665631	1.878162	25	0	#4eff7fffffffffffffb2	5	"(77, 140, 23)-(79, 136, 21)"	1.10797	0.678833	2	2.444927138	NA
patient8.gd	"(79, 133, 21)-(81, 129, 22)"	8.343599	32.199379	1.108338	15	0	#00ff2f	1	"(79, 133, 21)-(79, 136, 21)"	0.590118	1.722951	0	NA	NA
patient8.gd	"(77, 129, 22)-(79, 133, 21)"	6.554744	55.812257	1.646311	27	1	#00a8ff	4	"(79, 133, 21)-(79, 136, 21)"	0.876555	1.353553	2	1.439082716	NA
patient8.gd	"(77, 129, 22)-(78, 127, 20)"	4.079977	17.173002	1.157496	9	1	#ff0010	2	"(77, 129, 22)-(79, 133, 21)"	0.703084	0.622446	2	NA	NA
patient8.gd	"(69, 137, 2)-(78, 127, 20)"	34.820828	115.917764	1.029391	54	0	#fff57ffffffffffffef8	1	"(77, 129, 22)-(78, 127, 20)"	0.889326	8.534565	0	NA	NA
patient8.gd	"(65, 109, 22)-(78, 127, 20)"	35.643843	180.316522	1.268968	87	3	#ff6f7ffffffffffffe72	1	"(77, 129, 22)-(78, 127, 20)"	1.096305	8.736285	0	NA	NA
patient8.gd	"(66, 116, 43)-(77, 129, 22)"	47.222729	111.624513	0.86742	53	1	#ffa07ffffffffffffea3	2	"(77, 129, 22)-(79, 133, 21)"	0.526887	7.204358	2	NA	0.42435627
patient8.gd	"(66, 116, 43)-(69, 120, 43)"	7.657686	17.173002	0.844889	8	0	#ff00d5	1	"(66, 116, 43)-(77, 129, 22)"	0.974025	0.162161	0	NA	NA
patient8.gd	"(66, 116, 43)-(67, 113, 49)"	10.953344	34.346004	0.999056	16	0	#005fff	1	"(66, 116, 43)-(77, 129, 22)"	1.151756	0.231951	0	NA	NA
patient8.gd	"(77, 140, 23)-(79, 105, 26)"	56.269262	669.747081	1.946457	345	33	#5900ff	7	"(77, 140, 23)-(79, 166, 24)"	0.814024	1.282963	2	3.91409131	0.318281774
patient8.gd	"(79, 104, 27)-(79, 105, 26)"	1.843909	4.293251	0.860892	2	0	#ff00a9	1	"(77, 140, 23)-(79, 105, 26)"	0.442286	0.032769	0	NA	NA
patient8.gd	"(75, 99, 25)-(79, 105, 26)"	15.477341	180.316522	1.925727	85	1	#9000ff	6	"(77, 140, 23)-(79, 105, 26)"	0.98935	0.275059	2	1.969058819	NA
patient8.gd	"(75, 99, 25)-(88, 87, 19)"	31.4136	287.647785	1.707248	134	0	#00ffb7	5	"(75, 99, 25)-(79, 105, 26)"	0.886548	2.029651	2	1.708086933	NA
patient8.gd	"(88, 86, 18)-(88, 87, 19)"	1.843909	4.293251	0.860892	2	0	#00c2ff	1	"(75, 99, 25)-(88, 87, 19)"	0.504257	0.058698	0	NA	NA
patient8.gd	"(70, 79, 16)-(88, 87, 19)"	48.551205	287.647785	1.373269	134	0	#ff00c9	4	"(75, 99, 25)-(88, 87, 19)"	0.804376	1.545547	2	1.385185826	0.35123595
patient8.gd	"(69, 78, 15)-(70, 79, 16)"	2.236068	4.293251	0.781764	2	0	#00baff	1	"(70, 79, 16)-(88, 87, 19)"	0.569272	0.046056	0	NA	NA
patient8.gd	"(66, 74, 24)-(70, 79, 16)"	14.923212	36.492629	0.88226	17	0	#0037ff	3	"(70, 79, 16)-(88, 87, 19)"	0.642452	0.307371	2	3.954629875	NA
patient8.gd	"(66, 74, 24)-(69, 69, 30)"	11.847772	21.466253	0.759425	10	0	#ff777ffffffffffffe7a	1	"(66, 74, 24)-(70, 79, 16)"	0.860772	0.793916	0	NA	NA
patient8.gd	"(65, 70, 36)-(66, 74, 24)"	23.7357	38.639255	0.719844	18	0	#ffbe7ffffffffffffec1	2	"(66, 74, 24)-(70, 79, 16)"	0.815909	1.590522	2	NA	0.577256606
patient8.gd	"(65, 70, 36)-(66, 69, 38)"	3.577709	10.733126	0.977205	5	0	#5fff7fffffffffffffa1	1	"(65, 70, 36)-(66, 74, 24)"	1.357523	0.150731	0	NA	NA
patient8.gd	"(58, 69, 36)-(65, 70, 36)"	11.694312	38.639255	1.025539	18	0	#00ffdc	1	"(65, 70, 36)-(66, 74, 24)"	1.424668	0.492689	0	NA	NA
patient8.gd	"(74, 98, 25)-(75, 99, 25)"	1.788854	4.293251	0.874039	2	0	#ff0054	1	"(75, 99, 25)-(79, 105, 26)"	0.453875	0.115579	0	NA	NA
patient8.gd	"(76, 182, 13)-(79, 180, 15)"	5.868831	27.906128	1.230266	13	0	#ff0011	1	"(79, 180, 15)-(84, 187, 16)"	0.521481	0.320834	0	NA	NA
patient8.gd	"(73, 181, 23)-(84, 187, 16)"	22.504168	716.972836	3.184527	349	15	#00a7ff	9	"(84, 187, 16)-(97, 204, 15)"	0.77328	0.681175	2	0.798813099	NA
patient8.gd	"(73, 181, 23)-(85, 126, 32)"	85.430436	729.852588	1.64906	351	11	#ffeb7ffffffffffffeee	4	"(73, 181, 23)-(84, 187, 16)"	0.517835	3.796205	2	NA	NA
patient8.gd	"(85, 126, 32)-(97, 98, 27)"	89.38967	792.10472	1.679472	370	1	#ff0e7ffffffffffffe11	3	"(73, 181, 23)-(85, 126, 32)"	1.018442	1.046345	2	2.493611092	NA
patient8.gd	"(97, 98, 27)-(98, 133, 28)"	97.286055	540.949565	1.330387	394	142	#ff0013	1	"(85, 126, 32)-(97, 98, 27)"	0.792146	1.088337	0	NA	NA
patient8.gd	"(93, 83, 26)-(97, 98, 27)"	28.978989	133.090766	1.209087	62	0	#8900ff	2	"(85, 126, 32)-(97, 98, 27)"	0.719921	0.324187	2	1.897399798	1.239462395
patient8.gd	"(93, 83, 26)-(100, 81, 27)"	14.344214	32.199379	0.845299	15	0	#0015ff	1	"(93, 83, 26)-(97, 98, 27)"	0.699122	0.494987	0	NA	NA
patient8.gd	"(83, 85, 32)-(93, 83, 26)"	18.717945	40.78588	0.83282	19	0	#82ff7fffffffffffff7e	1	"(93, 83, 26)-(97, 98, 27)"	0.688801	0.645914	0	NA	NA
patient8.gd	"(85, 126, 32)-(89, 125, 31)"	6.162585	83.718385	2.079476	47	8	#fdff7fffffffffffff03	1	"(73, 181, 23)-(85, 126, 32)"	1.261008	0.072136	0	NA	NA
patient8.gd	"(72, 181, 23)-(73, 181, 23)"	1.264911	4.293251	1.039413	2	0	#00a3ff	5	"(73, 181, 23)-(84, 187, 16)"	0.326395	0.056208	2	NA	NA
patient8.gd	"(69, 180, 24)-(72, 181, 23)"	4.897674	42.932505	1.670411	22	2	#ff8b7ffffffffffffe8e	4	"(72, 181, 23)-(73, 181, 23)"	1.607071	3.871952	2	NA	2.843223749
patient8.gd	"(69, 180, 24)-(71, 178, 23)"	4.024922	23.612878	1.366535	11	0	#ff00cb	2	"(69, 180, 24)-(72, 181, 23)"	0.818083	0.821803	2	3.374043737	NA
patient8.gd	"(71, 178, 23)-(76, 173, 24)"	9.391486	19.319627	0.809203	9	0	#003fff	1	"(69, 180, 24)-(71, 178, 23)"	0.592157	2.333333	0	NA	NA
patient8.gd	"(69, 177, 19)-(71, 178, 23)"	7.767795	40.78588	1.292799	21	2	#b700ff	1	"(69, 180, 24)-(71, 178, 23)"	0.946042	1.929924	0	NA	NA
patient8.gd	"(67, 179, 25)-(69, 180, 24)"	3.632763	34.346004	1.734781	17	1	#0069ff	2	"(69, 180, 24)-(72, 181, 23)"	1.038536	0.741732	2	NA	NA
patient8.gd	"(67, 179, 25)-(71, 177, 28)"	7.580956	25.759503	1.039996	13	1	#00ff0c	1	"(67, 179, 25)-(69, 180, 24)"	0.599497	2.086829	0	NA	NA
patient8.gd	"(32, 190, 23)-(67, 179, 25)"	55.077887	624.66795	1.900033	297	6	#ff0071	1	"(67, 179, 25)-(69, 180, 24)"	1.095258	15.16143	0	NA	NA
patient8.gd	"(68, 186, 17)-(72, 181, 23)"	13.112683	85.86501	1.443735	44	4	#22ff7fffffffffffffde	1	"(72, 181, 23)-(73, 181, 23)"	1.38899	10.366486	0	NA	NA
patient8.gd	"(95, 211, 10)-(96, 205, 14)"	11.213719	678.333582	4.388053	466	150	#ffe37ffffffffffffee6	60	"(96, 205, 14)-(103, 210, 25)"	0.937694	0.469176	2	NA	NA
patient8.gd	"(92, 219, 8)-(95, 211, 10)"	12.585546	787.81147	4.463753	440	73	#6fff7fffffffffffff91	59	"(95, 211, 10)-(96, 205, 14)"	1.017251	1.122335	2	1.392930895	NA
patient8.gd	"(91, 227, 10)-(92, 219, 8)"	14.791428	405.712174	2.954806	235	46	#00f1ff	58	"(92, 219, 8)-(95, 211, 10)"	0.661956	1.175271	3	2.151072878	NA
patient8.gd	"(91, 227, 10)-(94, 233, 8)"	15.685855	118.064389	1.547856	80	25	#ff00cd	1	"(91, 227, 10)-(92, 219, 8)"	0.523843	1.060469	0	NA	NA
patient8.gd	"(91, 227, 10)-(92, 227, 15)"	10.003863	195.342899	2.493102	127	36	#fff87ffffffffffffefb	54	"(91, 227, 10)-(92, 219, 8)"	0.843745	0.676328	2	NA	1
patient8.gd	"(92, 227, 15)-(93, 227, 16)"	1.843909	4.293251	0.860892	2	0	#2f00ff	40	"(91, 227, 10)-(92, 227, 15)"	0.345309	0.18432	2	NA	NA
patient8.gd	"(93, 227, 16)-(103, 224, 14)"	16.295039	1191.377018	4.824163	707	152	#00ff04	39	"(92, 227, 15)-(93, 227, 16)"	5.603683	8.837225	2	NA	NA
patient8.gd	"(103, 224, 14)-(112, 226, 26)"	23.845809	1835.364596	4.949715	1068	213	#19ff7fffffffffffffe7	31	"(93, 227, 16)-(103, 224, 14)"	1.026026	1.463378	2	2.525196495	0.856735994
patient8.gd	"(112, 226, 26)-(118, 221, 25)"	10.656397	326.287039	3.121906	178	26	#ffcb7ffffffffffffece	7	"(103, 224, 14)-(112, 226, 26)"	0.630724	0.446888	2	1.041701788	1.004972157
patient8.gd	"(118, 221, 25)-(120, 220, 24)"	3.500979	23.612878	1.465227	18	7	#e6ff7fffffffffffff1a	3	"(112, 226, 26)-(118, 221, 25)"	0.469337	0.328533	2	NA	NA
patient8.gd	"(120, 220, 24)-(123, 221, 21)"	5.923886	53.665631	1.698126	27	2	#00ff02	2	"(118, 221, 25)-(120, 220, 24)"	1.158951	1.692065	2	0.931132383	NA
patient8.gd	"(123, 221, 21)-(131, 221, 22)"	11.746173	21.466253	0.762702	10	0	#b5ff7fffffffffffff4b	1	"(120, 220, 24)-(123, 221, 21)"	0.449144	1.982849	0	NA	NA
patient8.gd	"(123, 221, 21)-(125, 219, 16)"	8.497058	19.319627	0.850727	9	0	#ff987ffffffffffffe9b	1	"(120, 220, 24)-(123, 221, 21)"	0.50098	1.434372	0	NA	NA
patient8.gd	"(120, 220, 24)-(121, 215, 20)"	9.817024	34.346004	1.055293	18	2	#0016ff	1	"(118, 221, 25)-(120, 220, 24)"	0.720225	2.80408	0	NA	NA
patient8.gd	"(118, 221, 25)-(120, 218, 28)"	7.188797	68.692008	1.744014	34	2	#8aff7fffffffffffff76	4	"(112, 226, 26)-(118, 221, 25)"	0.558638	0.674599	2	3.32606554	NA
patient8.gd	"(120, 218, 28)-(125, 217, 28)"	8.006494	40.78588	1.273382	22	3	#ff0089	1	"(118, 221, 25)-(120, 218, 28)"	0.730144	1.113746	0	NA	NA
patient8.gd	"(119, 216, 30)-(120, 218, 28)"	4.079977	30.052754	1.531223	14	0	#69ff7fffffffffffff97	3	"(118, 221, 25)-(120, 218, 28)"	0.877987	0.567547	2	2.101850359	NA
patient8.gd	"(119, 216, 30)-(121, 209, 31)"	12.423576	55.812257	1.195822	27	1	#80ff7fffffffffffff80	2	"(119, 216, 30)-(120, 218, 28)"	0.780959	3.045011	2	4.970324613	NA
patient8.gd	"(121, 209, 31)-(125, 206, 32)"	7.078688	27.906128	1.120208	13	0	#4400ff	1	"(119, 216, 30)-(121, 209, 31)"	0.936768	0.569779	0	NA	NA
patient8.gd	"(114, 194, 32)-(121, 209, 31)"	23.220267	62.252132	0.92378	31	2	#ff6d7ffffffffffffe70	1	"(119, 216, 30)-(121, 209, 31)"	0.772506	1.869049	0	NA	NA
patient8.gd	"(116, 210, 37)-(119, 216, 30)"	14.454323	45.07913	0.996355	21	0	#ff00cd	1	"(119, 216, 30)-(120, 218, 28)"	0.650692	3.542746	0	NA	NA
patient8.gd	"(112, 226, 26)-(117, 231, 28)"	10.579667	605.348323	4.267679	306	24	#8900ff	24	"(103, 224, 14)-(112, 226, 26)"	0.862207	0.44367	2	1.178888811	NA
patient8.gd	"(117, 231, 28)-(123, 225, 34)"	13.416408	176.023271	2.043582	101	19	#f700ff	3	"(112, 226, 26)-(117, 231, 28)"	0.478851	1.268131	2	1.03219115	0.605971091
patient8.gd	"(123, 225, 34)-(125, 223, 36)"	4.472136	19.319627	1.172646	9	0	#d0ff7fffffffffffff30	2	"(117, 231, 28)-(123, 225, 34)"	0.573819	0.333333	2	3.617820706	NA
patient8.gd	"(125, 223, 36)-(128, 220, 37)"	5.813777	21.466253	1.084112	10	0	#0086ff	1	"(123, 225, 34)-(125, 223, 36)"	0.9245	1.3	0	NA	NA
patient8.gd	"(124, 220, 41)-(125, 223, 36)"	8.607167	17.173002	0.796926	8	0	#3b00ff	1	"(123, 225, 34)-(125, 223, 36)"	0.679596	1.924621	0	NA	NA
patient8.gd	"(122, 223, 36)-(123, 225, 34)"	4.079977	10.733126	0.915081	5	0	#a200ff	1	"(117, 231, 28)-(123, 225, 34)"	0.447783	0.304104	0	NA	NA
patient8.gd	"(117, 231, 28)-(119, 234, 29)"	5.289833	120.211014	2.689529	76	20	#0003ff	21	"(112, 226, 26)-(117, 231, 28)"	0.630209	0.5	2	1.692517648	NA
patient8.gd	"(119, 234, 29)-(130, 229, 30)"	17.875379	120.211014	1.463085	68	12	#1c00ff	1	"(117, 231, 28)-(119, 234, 29)"	0.543993	3.379195	0	NA	NA
patient8.gd	"(119, 234, 29)-(120, 236, 30)"	3.500979	47.225756	2.072143	34	12	#ffc67ffffffffffffec9	20	"(117, 231, 28)-(119, 234, 29)"	0.770448	0.661832	2	NA	NA
patient8.gd	"(120, 236, 30)-(120, 237, 33)"	5.421618	79.425135	2.159432	43	6	#00fff5	16	"(119, 234, 29)-(120, 236, 30)"	1.042125	1.5486	2	2.125370434	NA
patient8.gd	"(120, 237, 33)-(122, 240, 35)"	5.737047	36.492629	1.42293	17	0	#00a5ff	13	"(120, 236, 30)-(120, 237, 33)"	0.658937	1.05818	2	NA	NA
patient8.gd	"(122, 240, 35)-(128, 242, 39)"	10.689776	57.958882	1.313714	27	0	#0031ff	2	"(120, 237, 33)-(122, 240, 35)"	0.923246	1.863289	2	2.036666979	3.029428974
patient8.gd	"(128, 242, 39)-(133, 240, 39)"	7.372442	23.612878	1.009703	11	0	#00d4ff	1	"(122, 240, 35)-(128, 242, 39)"	0.768587	0.689672	0	NA	NA
patient8.gd	"(128, 242, 39)-(131, 245, 44)"	9.391486	21.466253	0.852974	10	0	#76ff7fffffffffffff8a	1	"(122, 240, 35)-(128, 242, 39)"	0.649285	0.878548	0	NA	NA
patient8.gd	"(119, 243, 37)-(122, 240, 35)"	6.26099	40.78588	1.439987	19	0	#00ff97	11	"(120, 237, 33)-(122, 240, 35)"	1.011987	1.091326	2	4.301585356	NA
patient8.gd	"(118, 243, 37)-(119, 243, 37)"	1.264911	4.293251	1.039413	2	0	#00c8ff	9	"(119, 243, 37)-(122, 240, 35)"	0.721821	0.202031	2	NA	NA
patient8.gd	"(118, 243, 37)-(119, 242, 41)"	7.265527	60.105507	1.622739	30	2	#69ff7fffffffffffff97	2	"(118, 243, 37)-(119, 243, 37)"	1.561207	5.743903	2	1.376397997	NA
patient8.gd	"(119, 242, 41)-(125, 240, 46)"	11.268774	38.639255	1.044723	18	0	#7dff7fffffffffffff83	1	"(118, 243, 37)-(119, 242, 41)"	0.643802	1.550992	0	NA	NA
patient8.gd	"(118, 245, 45)-(119, 242, 41)"	8.159954	21.466253	0.915081	10	0	#ff0068	1	"(118, 243, 37)-(119, 242, 41)"	0.563911	1.123106	0	NA	NA
patient8.gd	"(113, 247, 29)-(118, 243, 37)"	14.923212	66.545383	1.191387	31	0	#00ff46	7	"(118, 243, 37)-(119, 243, 37)"	1.146211	11.797835	2	NA	2.576842888
patient8.gd	"(113, 247, 29)-(117, 253, 32)"	12.053092	55.812257	1.214061	28	2	#ff607ffffffffffffe63	1	"(113, 247, 29)-(118, 243, 37)"	1.019032	0.807674	0	NA	NA
patient8.gd	"(107, 247, 25)-(113, 247, 29)"	10.689776	81.57176	1.558514	41	3	#ff0066	6	"(113, 247, 29)-(118, 243, 37)"	1.308151	0.716319	2	1.415271541	0.448655033
patient8.gd	"(107, 247, 25)-(108, 249, 24)"	3.632763	8.586501	0.86739	4	0	#ff001b	5	"(107, 247, 25)-(113, 247, 29)"	0.55655	0.339835	3	NA	NA
patient8.gd	"(108, 249, 24)-(112, 252, 25)"	7.078688	30.052754	1.162494	16	2	#ffe07ffffffffffffee3	2	"(107, 247, 25)-(108, 249, 24)"	1.34022	1.948568	2	2.283483617	NA
patient8.gd	"(112, 252, 22)-(112, 252, 25)"	7.71274	17.173002	0.841868	8	0	#00e9ff	1	"(108, 249, 24)-(112, 252, 25)"	0.724191	1.089572	0	NA	NA
patient8.gd	"(111, 253, 25)-(112, 252, 25)"	1.788854	4.293251	0.874039	2	0	#00bdff	1	"(108, 249, 24)-(112, 252, 25)"	0.751865	0.25271	0	NA	NA
patient8.gd	"(108, 249, 24)-(110, 253, 23)"	8.497058	25.759503	0.982335	13	1	#ff00e7	1	"(107, 247, 25)-(108, 249, 24)"	1.132517	2.339007	0	NA	NA
patient8.gd	"(107, 248, 23)-(108, 249, 24)"	2.236068	4.293251	0.781764	2	0	#0073ff	2	"(107, 247, 25)-(108, 249, 24)"	0.901283	0.615528	2	NA	NA
patient8.gd	"(107, 248, 23)-(109, 246, 23)"	3.577709	8.586501	0.874039	5	1	#ed00ff	1	"(107, 248, 23)-(108, 249, 24)"	1.118034	1.6	0	NA	NA
patient8.gd	"(101, 244, 24)-(107, 248, 23)"	11.158665	62.252132	1.332589	36	7	#b4ff7fffffffffffff4c	1	"(107, 248, 23)-(108, 249, 24)"	1.704592	4.990307	0	NA	NA
patient8.gd	"(106, 247, 25)-(107, 247, 25)"	1.264911	4.293251	1.039413	2	0	#b700ff	1	"(107, 247, 25)-(113, 247, 29)"	0.666926	0.118329	0	NA	NA
patient8.gd	"(117, 248, 39)-(119, 243, 37)"	8.266869	47.225756	1.348478	22	0	#ad00ff	2	"(119, 243, 37)-(122, 240, 35)"	0.936452	1.320377	2	3.84401784	NA
patient8.gd	"(117, 248, 39)-(120, 253, 43)"	9.817024	45.07913	1.208991	21	0	#2dff7fffffffffffffd3	1	"(117, 248, 39)-(119, 243, 37)"	0.896559	1.187514	0	NA	NA
patient8.gd	"(112, 253, 37)-(117, 248, 39)"	9.838699	32.199379	1.020657	15	0	#00ff35	1	"(117, 248, 39)-(119, 243, 37)"	0.756896	1.190136	0	NA	NA
patient8.gd	"(118, 236, 37)-(120, 237, 33)"	6.763258	60.105507	1.681916	28	0	#2900ff	3	"(120, 236, 30)-(120, 237, 33)"	0.778869	1.247461	2	2.213719035	1.103002393
patient8.gd	"(117, 236, 39)-(118, 236, 37)"	3.18555	21.466253	1.464573	10	0	#4cff7fffffffffffffb4	2	"(118, 236, 37)-(120, 237, 33)"	0.870777	0.471008	2	3.208728006	NA
patient8.gd	"(117, 236, 39)-(120, 235, 44)"	9.501595	51.519006	1.313743	24	0	#ff157ffffffffffffe18	1	"(117, 236, 39)-(118, 236, 37)"	0.897015	2.982717	0	NA	NA
patient8.gd	"(114, 236, 43)-(117, 236, 39)"	9.556649	30.052754	1.000494	15	1	#00ffb3	1	"(117, 236, 39)-(118, 236, 37)"	0.68313	3	0	NA	NA
patient8.gd	"(116, 236, 36)-(118, 236, 37)"	4.024922	10.733126	0.921318	5	0	#ff0010	1	"(118, 236, 37)-(120, 237, 33)"	0.547779	0.595116	0	NA	NA
patient8.gd	"(120, 236, 30)-(120, 237, 29)"	1.843909	4.293251	0.860892	2	0	#ff087ffffffffffffe0b	4	"(119, 234, 29)-(120, 236, 30)"	0.415459	0.526684	2	NA	NA
patient8.gd	"(120, 237, 29)-(127, 237, 23)"	14.028785	184.609772	2.046644	98	12	#00d6ff	1	"(120, 236, 30)-(120, 237, 29)"	2.377354	7.608177	0	NA	NA
patient8.gd	"(120, 237, 29)-(123, 244, 28)"	11.005205	212.515901	2.479258	115	16	#ff8b7ffffffffffffe8e	3	"(120, 236, 30)-(120, 237, 29)"	2.879872	5.968411	2	2.9148987	NA
patient8.gd	"(123, 244, 28)-(131, 253, 24)"	18.97832	214.662526	1.897467	102	2	#8400ff	1	"(120, 237, 29)-(123, 244, 28)"	0.765337	1.724486	0	NA	NA
patient8.gd	"(121, 249, 30)-(123, 244, 28)"	9.314756	118.064389	2.008625	64	9	#ffa47ffffffffffffea7	2	"(120, 237, 29)-(123, 244, 28)"	0.810172	0.846395	2	2.425555267	3.576934106
patient8.gd	"(121, 249, 30)-(126, 248, 33)"	8.453708	30.052754	1.06376	19	5	#0051ff	1	"(121, 249, 30)-(123, 244, 28)"	0.529596	0.907561	0	NA	NA
patient8.gd	"(120, 253, 32)-(121, 249, 30)"	6.609799	68.692008	1.818796	35	3	#00ffdd	1	"(121, 249, 30)-(123, 244, 28)"	0.905493	0.709605	0	NA	NA
patient8.gd	"(103, 224, 14)-(104, 223, 14)"	1.788854	4.293251	0.874039	2	0	#00adff	8	"(93, 227, 16)-(103, 224, 14)"	0.181179	0.109779	2	NA	NA
patient8.gd	"(104, 223, 14)-(107, 227, 10)"	8.552113	148.117143	2.347962	89	20	#94ff7fffffffffffff6c	4	"(103, 224, 14)-(104, 223, 14)"	2.686336	4.780776	2	0.659652807	0.482816849
patient8.gd	"(107, 227, 10)-(108, 228, 9)"	2.236068	4.293251	0.781764	2	0	#ff00e8	2	"(104, 223, 14)-(107, 227, 10)"	0.332954	0.261464	2	NA	NA
patient8.gd	"(108, 228, 9)-(111, 231, 6)"	6.708204	130.944141	2.492671	81	20	#00feff	1	"(107, 227, 10)-(108, 228, 9)"	3.188521	3	0	NA	NA
patient8.gd	"(104, 233, 5)-(108, 228, 9)"	10.340967	176.023271	2.327714	120	38	#ff0076	1	"(107, 227, 10)-(108, 228, 9)"	2.977514	4.624621	0	NA	NA
patient8.gd	"(107, 227, 10)-(107, 228, 11)"	1.843909	4.293251	0.860892	2	0	#9eff7fffffffffffff62	2	"(104, 223, 14)-(107, 227, 10)"	0.366655	0.215609	2	NA	NA
patient8.gd	"(107, 228, 11)-(110, 234, 12)"	10.89829	176.023271	2.267415	99	17	#0076ff	1	"(107, 227, 10)-(107, 228, 11)"	2.633798	5.910428	0	NA	NA
patient8.gd	"(102, 233, 16)-(107, 228, 11)"	12.184876	302.674161	2.811915	192	51	#ff717ffffffffffffe74	1	"(107, 227, 10)-(107, 228, 11)"	3.266282	6.608177	0	NA	NA
patient8.gd	"(104, 223, 14)-(106, 222, 12)"	4.079977	55.812257	2.086705	39	13	#ffb47ffffffffffffeb7	4	"(103, 224, 14)-(104, 223, 14)"	2.387428	2.280776	3	NA	NA
patient8.gd	"(106, 222, 12)-(112, 220, 18)"	11.847772	369.219544	3.149554	246	74	#28ff7fffffffffffffd8	1	"(104, 223, 14)-(106, 222, 12)"	1.509343	2.903882	0	NA	NA
patient8.gd	"(106, 222, 12)-(107, 222, 11)"	1.843909	4.293251	0.860892	2	0	#001aff	2	"(104, 223, 14)-(106, 222, 12)"	0.41256	0.451941	2	NA	NA
patient8.gd	"(107, 222, 11)-(112, 227, 13)"	9.838699	313.407288	3.184276	191	45	#0081ff	1	"(106, 222, 12)-(107, 222, 11)"	3.698813	5.335784	0	NA	NA
patient8.gd	"(107, 222, 11)-(111, 225, 3)"	15.927748	747.02559	3.863809	486	138	#ff7e7ffffffffffffe81	1	"(106, 222, 12)-(107, 222, 11)"	4.488148	8.638034	0	NA	NA
patient8.gd	"(100, 224, 5)-(106, 222, 12)"	14.868158	847.916977	4.260623	570	175	#00a1ff	1	"(104, 223, 14)-(106, 222, 12)"	2.041795	3.644177	0	NA	NA
patient8.gd	"(93, 227, 16)-(95, 234, 18)"	12.108146	427.178426	3.351127	257	58	#ff0074	1	"(92, 227, 15)-(93, 227, 16)"	3.892624	6.566564	0	NA	NA
patient8.gd	"(88, 229, 17)-(92, 227, 15)"	8.159954	240.422029	3.062445	144	32	#00ff44	14	"(91, 227, 10)-(92, 227, 15)"	1.228368	0.81568	2	NA	NA
patient8.gd	"(88, 229, 17)-(88, 231, 21)"	8.159954	195.342899	2.760451	113	22	#4900ff	1	"(88, 229, 17)-(92, 227, 15)"	0.901388	1	0	NA	NA
patient8.gd	"(75, 231, 17)-(88, 229, 17)"	20.745499	983.154368	3.883953	507	49	#ff00bd	13	"(88, 229, 17)-(92, 227, 15)"	1.268252	2.542355	2	2.153857306	1.975115675
patient8.gd	"(71, 225, 19)-(75, 231, 17)"	15.183587	296.234286	2.492043	151	13	#e0ff7fffffffffffff20	6	"(75, 231, 17)-(88, 229, 17)"	0.641625	0.731898	2	1.111397022	NA
patient8.gd	"(70, 211, 36)-(71, 225, 19)"	31.016124	115.917764	1.090702	67	13	#ff006e	1	"(71, 225, 19)-(75, 231, 17)"	0.437674	2.04274	0	NA	NA
patient8.gd	"(69, 223, 19)-(71, 225, 19)"	3.577709	27.906128	1.575696	24	11	#00ffa3	5	"(71, 225, 19)-(75, 231, 17)"	0.632291	0.23563	2	2.836396667	NA
patient8.gd	"(69, 221, 18)-(69, 223, 19)"	3.10882	15.026377	1.240379	7	0	#00ffeb	2	"(69, 223, 19)-(71, 225, 19)"	0.787194	0.868942	2	2.148557751	NA
patient8.gd	"(69, 217, 19)-(69, 221, 18)"	8.343599	15.026377	0.757139	7	0	#fd00ff	1	"(69, 221, 18)-(69, 223, 19)"	0.610409	2.683848	0	NA	NA
patient8.gd	"(68, 215, 13)-(69, 221, 18)"	12.533685	40.78588	1.017749	19	0	#00fff5	1	"(69, 221, 18)-(69, 223, 19)"	0.820514	4.031653	0	NA	NA
patient8.gd	"(67, 222, 21)-(69, 223, 19)"	4.079977	19.319627	1.227709	9	0	#7a00ff	3	"(69, 223, 19)-(71, 225, 19)"	0.779154	1.140388	2	3.222128811	NA
patient8.gd	"(65, 220, 20)-(67, 222, 21)"	4.024922	10.733126	0.921318	6	1	#00ceff	1	"(67, 222, 21)-(69, 223, 19)"	0.750436	0.986506	0	NA	NA
patient8.gd	"(59, 221, 36)-(67, 222, 21)"	25.429343	88.011636	1.049609	41	0	#acff7fffffffffffff54	2	"(67, 222, 21)-(69, 223, 19)"	0.854933	6.232717	2	2.155223857	0.707229392
patient8.gd	"(56, 216, 40)-(59, 221, 36)"	9.817024	12.879752	0.646233	6	0	#5600ff	1	"(59, 221, 36)-(67, 222, 21)"	0.615689	0.386051	0	NA	NA
patient8.gd	"(53, 222, 38)-(59, 221, 36)"	9.271405	21.466253	0.85848	10	0	#007aff	1	"(59, 221, 36)-(67, 222, 21)"	0.817905	0.364595	0	NA	NA
patient8.gd	"(66, 236, 17)-(75, 231, 17)"	14.003916	422.885176	3.100356	224	27	#4400ff	7	"(75, 231, 17)-(88, 229, 17)"	0.798248	0.675034	3	1.871832839	NA
patient8.gd	"(63, 239, 16)-(66, 236, 17)"	6.554744	92.304886	2.117188	53	10	#08ff7ffffffffffffff8	5	"(66, 236, 17)-(75, 231, 17)"	0.682886	0.468065	2	5.155557635	NA
patient8.gd	"(60, 245, 18)-(63, 239, 16)"	11.235394	139.530642	1.988226	76	11	#d700ff	4	"(63, 239, 16)-(66, 236, 17)"	0.939088	1.714086	2	1.408130972	NA
patient8.gd	"(60, 245, 18)-(62, 253, 17)"	11.746173	45.07913	1.10526	21	0	#00ffbc	1	"(60, 245, 18)-(63, 239, 16)"	0.555903	1.045462	0	NA	NA
patient8.gd	"(57, 248, 18)-(60, 245, 18)"	6.26099	34.346004	1.321422	20	4	#ff727ffffffffffffe75	3	"(60, 245, 18)-(63, 239, 16)"	0.664624	0.557256	2	2.177807624	NA
patient8.gd	"(55, 250, 19)-(57, 248, 18)"	4.024922	10.733126	0.921318	6	1	#ff0c7ffffffffffffe0f	2	"(57, 248, 18)-(60, 245, 18)"	0.697217	0.642857	2	NA	NA
patient8.gd	"(55, 250, 19)-(55, 250, 20)"	1.341641	4.293251	1.009253	2	0	#00ff96	1	"(55, 250, 19)-(57, 248, 18)"	1.095445	0.333333	0	NA	NA
patient8.gd	"(48, 253, 16)-(55, 250, 19)"	12.815735	36.492629	0.952042	18	1	#b700ff	1	"(55, 250, 19)-(57, 248, 18)"	1.033348	3.184095	0	NA	NA
patient8.gd	"(53, 253, 22)-(57, 248, 18)"	13.002574	40.78588	0.99923	21	2	#00fff3	1	"(57, 248, 18)-(60, 245, 18)"	0.756177	2.07676	0	NA	NA
patient8.gd	"(58, 240, 14)-(63, 239, 16)"	9.032706	77.278509	1.650234	44	8	#ffb47ffffffffffffeb7	1	"(63, 239, 16)-(66, 236, 17)"	0.779446	1.378041	0	NA	NA
patient8.gd	"(63, 238, 11)-(66, 236, 17)"	14.028785	94.451511	1.463927	62	18	#b2ff7fffffffffffff4e	1	"(66, 236, 17)-(75, 231, 17)"	0.47218	1.001776	0	NA	NA
patient8.gd	"(59, 233, 21)-(66, 236, 17)"	12.346846	90.158261	1.524579	54	12	#ff00f9	1	"(66, 236, 17)-(75, 231, 17)"	0.491743	0.881671	0	NA	NA
patient8.gd	"(90, 228, 9)-(91, 227, 10)"	2.236068	4.293251	0.781764	2	0	#0018ff	3	"(91, 227, 10)-(92, 219, 8)"	0.264574	0.151173	2	NA	NA
patient8.gd	"(90, 228, 9)-(91, 233, 9)"	6.848499	64.398758	1.73008	34	4	#ff006e	1	"(90, 228, 9)-(91, 227, 10)"	2.213046	3.062742	0	NA	NA
patient8.gd	"(87, 231, 8)-(90, 228, 9)"	6.708204	60.105507	1.688803	37	9	#ff3f7ffffffffffffe42	2	"(90, 228, 9)-(91, 227, 10)"	2.160247	3	2	1.278595531	NA
patient8.gd	"(85, 232, 6)-(87, 231, 8)"	4.079977	12.879752	1.002421	7	1	#ff307ffffffffffffe33	1	"(87, 231, 8)-(90, 228, 9)"	0.593569	0.608207	0	NA	NA
patient8.gd	"(83, 226, 7)-(87, 231, 8)"	8.867542	25.759503	0.961595	13	1	#2c00ff	1	"(87, 231, 8)-(90, 228, 9)"	0.569394	1.321895	0	NA	NA
patient8.gd	"(89, 223, 4)-(92, 219, 8)"	8.552113	163.14352	2.464185	111	35	#46ff7fffffffffffffba	1	"(92, 219, 8)-(95, 211, 10)"	0.552043	0.679519	0	NA	NA
patient8.gd	"(83, 224, 6)-(95, 211, 10)"	35.166443	1635.728447	3.847835	1024	262	#ff004e	1	"(95, 211, 10)-(96, 205, 14)"	0.876889	3.13602	0	NA	NA
