 name	 vol(cu.um)	 len(um)	 <r>_vl(um)	 <r>_obs(um)	 par	 num_child	 children...		
32.001	9028.54	68.6595	6.46969	5.84402	nan	2	18.001	31.001	
18.001	377.888	7.07107	4.12443	3.0539	32	2	17.001	8.001	
17.001	662.741	21.5055	3.13201	3.40369	18	2	29.001	30.001	
29.001	148.437	14.2883	1.81847	2.23725	17	2	37.001	23.001	
37.001	109.76	8.6172	2.01356	2.01615	29	0			
23.001	14.112	0.5	2.99733	1.78926	29	2	24.001	13.001	
24.001	6.272	1.4	1.19416	0	23	0			
13.001	12.544	0.5	2.82591	1.28151	23	2	6.001	14.001	
6.001	859.264	32.9321	2.8819	2.41158	13	2	5.001	2.001	
5.001	5328.06	165.944	3.1969	2.80095	6	2	11.001	12.001	
11.001	23.52	0.5	3.86953	1.59435	5	2	19.001	20.001	
19.001	415.52	62.2582	1.45755	1.20343	11	0			
20.001	65.856	6.65151	1.77526	1.4195	11	2	33.001	34.001	
33.001	442.176	108.83	1.13723	0.931798	20	0			
34.001	401.408	46.7393	1.6534	1.42512	20	2	42.001	43.001	
42.001	47.04	14.425	1.01883	0.666667	34	0			
43.001	508.032	85.4335	1.3758	1.19471	34	0			
12.001	2148.16	126.774	2.32243	1.68124	5	2	21.001	22.001	
21.001	266.56	11.4314	2.72441	2.25817	12	2	35.001	36.001	
35.001	148.96	21.0291	1.50159	1.28359	21	2	44.001	45.001	
44.001	310.464	32.9881	1.73082	1.65013	35	2	54.001	55.001	
54.001	352.8	48.5847	1.52034	6.16184	44	2	66.001	67.001	
66.001	9.408	3.94558	0.8712	0	54	0			
67.001	21.952	6.07161	1.07278	0.6	54	0			
55.001	17.248	1.4	1.9803	0.933333	44	0			
45.001	90.944	16.9894	1.30534	1.14454	35	2	39.001	50.001	
39.001	2665.6	167.452	2.25101	1.65937	45	2	38.001	26.001	
38.001	68.992	3.94558	2.35922	1.59891	39	2	48.001	49.001	
48.001	103.488	6.49117	2.25273	1.61537	38	2	60.001	61.001	
60.001	235.2	78.3066	0.977787	0.684529	48	0			
61.001	247.744	19.4829	2.01187	1.5091	48	2	71.001	72.001	
71.001	125.44	34.7232	1.07234	0.837146	61	0			
72.001	275.968	24.5741	1.89067	1.43246	61	2	76.001	77.001	
76.001	323.008	36.7457	1.67274	1.49972	72	2	80.001	81.001	
80.001	382.592	96.9505	1.12077	0.849041	76	2	86.001	87.001	
86.001	44.9493	20.1947	0.84172	0.411993	80	2	92.001	93.001	
92.001	54.3573	24.5604	0.839337	0.4	86	0			
93.001	1.04533	0.5	0.815769	0	86	0			
87.001	3.136	0	inf	0	80	0			
81.001	65.856	18.4314	1.06646	0.65362	76	0			
77.001	144.256	12.4119	1.92342	1.3838	72	2	82.001	83.001	
82.001	332.416	75.8778	1.18089	0.982846	77	0			
83.001	37.632	13.5054	0.941782	0.35	77	0			
49.001	417.088	55.1823	1.5511	1.23281	38	2	62.001	63.001	
62.001	119.168	21.7741	1.31988	1.05157	49	0			
63.001	235.2	32.0505	1.52836	1.30694	49	0			
26.001	169.344	6.1799	2.95338	1.93402	39	1	25.001		
25.001	150.528	36.6747	1.14301	0.863154	26	0			
50.001	90.944	6.74558	2.07158	1.33207	45	2	64.001	65.001	
64.001	90.944	19.4971	1.2185	0.920894	50	1	73.001		
73.001	78.4	5.09117	2.21398	1.70687	64	2	78.001	79.001	
78.001	81.536	9.34323	1.66668	1.42077	73	2	84.001	85.001	
84.001	78.4	17.3432	1.19955	1.09289	78	2	88.001	89.001	
88.001	53.312	10.3237	1.2821	1.48605	84	2	94.001	95.001	
94.001	228.928	52.5736	1.17731	2.27009	88	0			
95.001	9.408	3.3799	0.941287	0	88	0			
89.001	90.944	25.7055	1.06121	0.8	84	2	96.001	97.001	
96.001	9.408	6.49117	0.679223	0	89	0			
97.001	78.4	25.5752	0.987811	0.589041	89	0			
85.001	56.448	10.0172	1.33929	1.13761	78	2	90.001	91.001	
90.001	9.408	5.09117	0.766946	0	85	0			
91.001	3.136	0.5	1.41295	0	85	2	98.001	99.001	
98.001	25.088	6.7598	1.0869	0.597487	91	0			
99.001	56.448	11.851	1.23132	1.02397	91	0			
79.001	37.632	11.0309	1.04207	0.777169	73	0			
65.001	84.672	19.0255	1.19022	0.831558	50	0			
36.001	192.864	24.2486	1.59114	1.34831	21	2	46.001	47.001	
46.001	14.112	1.9799	1.50625	0.84	36	2	56.001	57.001	
56.001	10.4533	4.67161	0.843954	0.35	46	2	59.001	68.001	
59.001	16.7253	8.29117	0.801317	0.233333	56	1	58.001		
58.001	53.312	12.0172	1.18833	0.923878	59	2	69.001	70.001	
69.001	12.544	4.67161	0.924506	0.4	58	0			
70.001	18.816	1.4	2.06835	0.966667	58	2	74.001	75.001	
74.001	40.768	17.3213	0.865554	0.446154	70	0			
75.001	232.064	72.3765	1.01025	0.755214	70	0			
68.001	1.04533	0.5	0.815769	0	56	0			
57.001	34.496	8.72548	1.1218	0.844805	46	0			
47.001	119.168	22.632	1.29462	1.2776	36	0			
22.001	221.088	8.39764	2.89487	2.628	12	0			
2.001	1188.54	41.5447	3.01769	2.41779	6	2	1.001	0.001	
1.001	2571.52	271.345	1.73684	1.35609	2	2	3.001	4.001	
3.001	2640.51	285.591	1.71552	1.34484	1	1	7.001		
7.001	288.512	10.7196	2.92697	2.00922	3	2	15.001	16.001	
15.001	87.808	18.4693	1.23018	1.09221	7	0			
16.001	432.768	14.6794	3.06336	2.12107	7	2	27.001	28.001	
27.001	222.656	41.7991	1.30214	1.05593	16	2	40.001	41.001	
40.001	109.76	26.8339	1.14105	0.849315	27	2	51.001	52.001	
51.001	116.032	30.2473	1.10502	0.803776	40	0			
52.001	3.136	0.5	1.41295	0	40	1	53.001		
53.001	58.016	14.7757	1.11796	0.8621	52	0			
41.001	39.2	8.39764	1.21896	0.936915	27	0			
28.001	2348.86	137.219	2.33425	1.73355	16	0			
4.001	219.52	23.8521	1.71159	1.29648	1	2	9.001	10.001	
9.001	47.04	15.1036	0.995678	0.573333	4	0			
10.001	25.088	7.32548	1.04409	0.525	4	0			
0.001	1652.67	61.979	2.91337	2.3531	2	0			
14.001	4926.66	200.012	2.80009	2.39403	13	0			
30.001	1.04533	0.5	0.815769	0	17	0			
8.001	1434.72	61.9418	2.71529	2.19732	18	0			
31.001	423.36	19.799	2.60891	3.04576	32	0			
12.02	561.344	16.2888	3.31203	5.02697	N/A	2	11.02	13.02	
11.02	147.392	2.54558	4.29307	3.30614	12	3	7.02	9.02	10.02
7.02	191.296	7.2172	2.90465	2.40866	11	3	2.02	5.02	6.02
2.02	21.952	0.5	3.73833	1.38656	7	2	0.02	1.02	
0.02	1124.26	37.6273	3.08394	4.41808	2	0			
1.02	106.624	20.4296	1.28891	1.21686	2	2	3.02	4.02	
3.02	25.088	3.72603	1.46398	0.947487	1	1	8.02		
8.02	12.544	4.25206	0.969044	0.35	3	0			
4.02	15.68	3.52603	1.18975	0.56	1	0			
5.02	58.016	8.39764	1.48293	1.75624	7	0			
6.02	147.392	18.9947	1.57161	1.44288	7	0			
9.02	172.48	10.5971	2.27615	2.51276	11	0			
10.02	216.384	20.0687	1.85258	2.00946	11	0			
13.02	1257.54	78.4308	2.25913	2.50231	12	0			
6.03	332.416	9.90412	3.26857	3.31752	N/A	2	2.03	5.03	
2.03	59.584	0.5	6.15892	3.79192	6	2	1.03	0.03	
1.03	357.504	8.39764	3.68118	2.6856	2	2	3.03	4.03	
3.03	365.344	12.8835	3.00441	3.43817	1	2	7.03	8.03	
7.03	332.416	17.4344	2.46356	2.07956	3	3	9.03	10.03	11.03
9.03	34.496	7.3397	1.22312	1.36672	7	0			
10.03	94.08	16.551	1.34512	1.59531	7	0			
11.03	12.544	3.3799	1.0869	0.35	7	0			
8.03	123.872	5.09117	2.78293	1.99772	3	2	12.03	13.03	
12.03	247.744	23.0468	1.84979	2.16342	8	0			
13.03	103.488	10.1775	1.79907	1.6815	8	0			
4.03	112.896	9.57809	1.93698	1.63575	1	0			
0.03	348.096	20.1947	2.34237	2.30036	2	0			
5.03	370.048	12.3976	3.08237	2.60087	6	0			
8.04	316.736	13.4888	2.73393	7.32938	N/A	2	7.04	5.04	
7.04	72.128	2.54558	3.00319	4.07454	8	0			
5.04	1122.69	35.2817	3.18258	3.75315	8	2	3.04	6.04	
3.04	122.304	4.25206	3.02584	2.03953	5	2	1.04	4.04	
1.04	636.608	26.1771	2.78228	2.55447	3	2	2.04	0.04	
2.04	64.288	7.07107	1.70117	1.74058	1	0			
0.04	70.56	24.9652	0.948498	1.12037	1	0			
4.04	917.28	40.4273	2.68744	2.73083	3	0			
6.04	261.856	14.1279	2.42894	2.47393	5	2	9.04	10.04	
9.04	75.264	19.8148	1.09957	1.24258	6	0			
10.04	43.904	6.79764	1.43383	1.24835	6	0			
6.5	545.664	32.1657	2.32376	2.69316	N/A	2	5.5	3.5	
5.5	15.1573	2.54558	1.37671	1.26737	6	2	4.5	7.5	
4.5	209.589	24.1735	1.66127	1.65237	5	1	1.5		
1.5	156.8	11.3231	2.0995	1.95373	4	2	0.5	2.5	
0.5	382.592	25.5593	2.18282	2.11968	1	0			
2.5	47.04	6.07161	1.57039	1.65046	1	0			
7.5	18.2933	1.9799	1.71494	1.52228	5	0			
3.5	20.384	0.5	3.60234	1.45651	6	0			
2.6	8802.75	133.8	4.57621	5.46641	N/A	2	0.6	1.6	
0.6	62.72	13.8451	1.20083	0.971598	2	0			
1.6	241.472	19.1574	2.00304	1.64633	2	0			
0.7	48966.5	944.246	4.06286	18.5001	N/A	2	1.7	2.7	
1.7	1.04533	0.5	0.815769	0	0	0			
2.7	19.8613	9.34323	0.822585	0.4	0	0			
1.8	7.07854e-314	0.5	2.12E-157	3.11E+231	N/A	0			
1.9	9.74E+231	0.5	7.87E+115	3.11E+231	N/A	0			
2	9.74E+231	0.5	7.87E+115	3.11E+231	N/A	0			
2.1	9.74E+231	0.5	7.87E+115	3.11E+231	N/A	0			
2.2	9.74E+231	0.5	7.87E+115	3.11E+231	N/A	0			
