tag	name	len	vol	rad	voxc	defc	col	tips	parent	beta	gamma	nchild	q	s
patient16.gd	"(109, 246, 28)-(114, 257, 36)"	21.016688	1916.08728	5.387045	1277	195	#00ceff	156	NA	NA	NA	2	0.759771381	0.592639049
patient16.gd	"(114, 257, 36)-(121, 261, 29)"	13.586623	609.181168	3.777831	438	94	#d700ff	150	"(109, 246, 28)-(114, 257, 36)"	0.701281	0.646468	2	1.272799776	0.747386357
patient16.gd	"(121, 261, 29)-(124, 257, 30)"	7.600606	200.10893	2.894904	158	45	#ff727ffffffffffffe75	5	"(114, 257, 36)-(121, 261, 29)"	0.766287	0.559418	2	1.590211729	NA
patient16.gd	"(124, 257, 30)-(132, 238, 39)"	30.718764	145.21179	1.22666	96	14	#ff0c7ffffffffffffe0f	1	"(121, 261, 29)-(124, 257, 30)"	0.423731	4.04162	0	NA	NA
patient16.gd	"(124, 257, 30)-(126, 254, 29)"	7.600606	138.128288	2.405151	106	28	#b700ff	4	"(121, 261, 29)-(124, 257, 30)"	0.830822	1	2	1.379873511	NA
patient16.gd	"(126, 254, 29)-(130, 251, 27)"	7.051771	85.002024	1.958802	53	5	#00fff3	3	"(124, 257, 30)-(126, 254, 29)"	0.81442	0.927791	2	1.658004935	NA
patient16.gd	"(130, 251, 27)-(136, 250, 24)"	9.967038	86.772899	1.664693	54	5	#2f00ff	1	"(126, 254, 29)-(130, 251, 27)"	0.849852	1.413409	0	NA	NA
patient16.gd	"(129, 250, 27)-(130, 251, 27)"	1.67332	3.541751	0.820814	2	0	#00ffbc	2	"(126, 254, 29)-(130, 251, 27)"	0.419039	0.237291	2	NA	NA
patient16.gd	"(129, 238, 21)-(129, 250, 27)"	18.222734	47.813638	0.913891	28	1	#4900ff	1	"(129, 250, 27)-(130, 251, 27)"	1.113396	10.890167	0	NA	NA
patient16.gd	"(127, 240, 31)-(129, 250, 27)"	14.88317	53.126265	1.065938	31	1	#b2ff7fffffffffffff4e	1	"(129, 250, 27)-(130, 251, 27)"	1.298636	8.894395	0	NA	NA
patient16.gd	"(123, 232, 28)-(126, 254, 29)"	28.898493	69.064144	0.872195	46	7	#00ff96	1	"(124, 257, 30)-(126, 254, 29)"	0.362637	3.80213	0	NA	NA
patient16.gd	"(120, 262, 27)-(121, 261, 29)"	3.362529	21.250506	1.418328	22	10	#00ff04	145	"(114, 257, 36)-(121, 261, 29)"	0.375434	0.247488	2	NA	NA
patient16.gd	"(120, 262, 27)-(126, 266, 32)"	11.305738	669.390935	4.341257	475	97	#32ff7fffffffffffffce	27	"(120, 262, 27)-(121, 261, 29)"	3.060827	3.362272	2	0.834701102	NA
patient16.gd	"(126, 266, 32)-(143, 252, 38)"	30.495047	302.819709	1.77788	253	82	#cbff7fffffffffffff35	1	"(120, 262, 27)-(126, 266, 32)"	0.409531	2.697307	0	NA	NA
patient16.gd	"(126, 266, 32)-(128, 268, 34)"	4.195235	53.126265	2.007713	47	17	#ffd57ffffffffffffed8	26	"(120, 262, 27)-(126, 266, 32)"	0.462473	0.371071	2	NA	NA
patient16.gd	"(128, 268, 34)-(130, 271, 37)"	5.927286	104.481654	2.368739	64	5	#ff0084	5	"(126, 266, 32)-(128, 268, 34)"	1.17982	1.412861	3	1.989090042	NA
patient16.gd	"(130, 271, 37)-(137, 276, 41)"	12.55476	40.730136	1.016199	23	0	#00ff26	1	"(128, 268, 34)-(130, 271, 37)"	0.429004	2.11813	0	NA	NA
patient16.gd	"(130, 270, 39)-(130, 271, 37)"	3.829669	21.250506	1.329013	12	0	#ffdd7ffffffffffffee0	2	"(128, 268, 34)-(130, 271, 37)"	0.561063	0.646108	2	1.634934563	NA
patient16.gd	"(130, 270, 39)-(133, 270, 44)"	8.558681	26.563132	0.993943	15	0	#008cff	1	"(130, 270, 39)-(130, 271, 37)"	0.74788	2.234836	0	NA	NA
patient16.gd	"(127, 267, 42)-(130, 270, 39)"	6.292853	10.625253	0.733113	6	0	#ffe97ffffffffffffeec	1	"(130, 270, 39)-(130, 271, 37)"	0.551622	1.643185	0	NA	NA
patient16.gd	"(126, 280, 39)-(130, 271, 37)"	13.582492	118.648658	1.667503	76	9	#c100ff	2	"(128, 268, 34)-(130, 271, 37)"	0.703963	2.29152	2	1.147082582	NA
patient16.gd	"(125, 279, 38)-(126, 280, 39)"	2.097618	3.541751	0.733113	2	0	#00ff3a	1	"(126, 280, 39)-(130, 271, 37)"	0.439647	0.154435	0	NA	NA
patient16.gd	"(124, 296, 42)-(126, 280, 39)"	22.531301	83.231148	1.084363	47	0	#7000ff	1	"(126, 280, 39)-(130, 271, 37)"	0.650292	1.658849	0	NA	NA
patient16.gd	"(128, 268, 34)-(129, 270, 32)"	3.829669	49.584514	2.0301	44	16	#cdff7fffffffffffff33	21	"(126, 266, 32)-(128, 268, 34)"	1.011151	0.912861	2	NA	NA
patient16.gd	"(129, 270, 32)-(135, 270, 28)"	10.88144	219.588561	2.534468	141	17	#1900ff	2	"(128, 268, 34)-(129, 270, 32)"	1.248444	2.841353	2	1.186023413	NA
patient16.gd	"(135, 270, 28)-(150, 272, 26)"	20.681788	115.106907	1.331011	68	3	#ff00d6	1	"(129, 270, 32)-(135, 270, 28)"	0.525164	1.900648	0	NA	NA
patient16.gd	"(135, 270, 28)-(141, 269, 19)"	14.654178	102.710778	1.493662	66	8	#1d00ff	1	"(129, 270, 32)-(135, 270, 28)"	0.58934	1.346713	0	NA	NA
patient16.gd	"(129, 270, 32)-(130, 275, 31)"	6.830482	185.941926	2.943663	130	25	#ff001b	19	"(128, 268, 34)-(129, 270, 32)"	1.450009	1.78357	2	0.652170171	0.680729553
patient16.gd	"(130, 275, 31)-(130, 276, 32)"	1.732051	3.541751	0.806777	2	0	#7300ff	15	"(129, 270, 32)-(130, 275, 31)"	0.274073	0.253577	2	NA	NA
patient16.gd	"(130, 276, 32)-(132, 275, 34)"	3.829669	31.875759	1.627701	23	5	#00ffa9	1	"(130, 275, 31)-(130, 276, 32)"	2.017535	2.21106	0	NA	NA
patient16.gd	"(130, 276, 32)-(131, 283, 35)"	12.247924	201.879806	2.290553	118	4	#1c00ff	14	"(130, 275, 31)-(130, 276, 32)"	2.839138	7.071342	2	4.841869857	1.242154666
patient16.gd	"(131, 283, 35)-(134, 285, 33)"	7.192197	92.085525	2.018784	65	13	#ff0093	10	"(130, 276, 32)-(131, 283, 35)"	0.881353	0.587218	2	1.330790111	1.226153359
patient16.gd	"(134, 285, 33)-(135, 284, 34)"	2.097618	3.541751	0.733113	2	0	#b0ff7fffffffffffff50	1	"(131, 283, 35)-(134, 285, 33)"	0.363146	0.291652	0	NA	NA
patient16.gd	"(133, 288, 33)-(134, 285, 33)"	5.868555	47.813638	1.610406	29	2	#00a4ff	9	"(131, 283, 35)-(134, 285, 33)"	0.797711	0.815961	2	1.56123332	NA
patient16.gd	"(133, 288, 33)-(146, 301, 28)"	25.532911	122.190409	1.234222	76	7	#ff00f5	2	"(133, 288, 33)-(134, 285, 33)"	0.766405	4.3508	2	2.080826892	0.720467053
patient16.gd	"(146, 301, 28)-(153, 300, 29)"	11.274791	26.563132	0.865985	15	0	#ffc77ffffffffffffeca	1	"(133, 288, 33)-(146, 301, 28)"	0.701644	0.441579	0	NA	NA
patient16.gd	"(146, 301, 28)-(150, 306, 29)"	8.300794	21.250506	0.902713	12	0	#1600ff	1	"(133, 288, 33)-(146, 301, 28)"	0.731402	0.325102	0	NA	NA
patient16.gd	"(133, 288, 33)-(133, 289, 34)"	1.732051	3.541751	0.806777	2	0	#ffd57ffffffffffffed8	7	"(133, 288, 33)-(134, 285, 33)"	0.500978	0.295141	2	NA	NA
patient16.gd	"(133, 289, 34)-(135, 292, 34)"	4.529856	47.813638	1.832984	28	1	#ffe57ffffffffffffee8	5	"(133, 288, 33)-(133, 289, 34)"	2.271983	2.615314	2	3.720865742	NA
patient16.gd	"(135, 292, 34)-(136, 293, 34)"	1.67332	3.541751	0.820814	2	0	#ff6d7ffffffffffffe70	3	"(133, 289, 34)-(135, 292, 34)"	0.447802	0.369398	2	NA	NA
patient16.gd	"(136, 293, 34)-(143, 295, 36)"	11.091523	38.959261	1.057389	23	1	#008bff	1	"(135, 292, 34)-(136, 293, 34)"	1.288221	6.628453	0	NA	NA
patient16.gd	"(136, 293, 34)-(139, 306, 32)"	17.949789	109.79428	1.395357	62	0	#ff0051	2	"(135, 292, 34)-(136, 293, 34)"	1.699968	10.727051	2	1.598965945	3.710684653
patient16.gd	"(139, 306, 32)-(145, 317, 33)"	16.504835	47.813638	0.960274	27	0	#fa00ff	1	"(136, 293, 34)-(139, 306, 32)"	0.688193	0.9195	0	NA	NA
patient16.gd	"(139, 306, 32)-(142, 314, 29)"	12.582544	28.334008	0.846632	16	0	#0054ff	1	"(136, 293, 34)-(139, 306, 32)"	0.60675	0.700986	0	NA	NA
patient16.gd	"(132, 299, 35)-(135, 292, 34)"	10.177122	104.481654	1.807726	62	3	#a3ff7fffffffffffff5d	2	"(133, 289, 34)-(135, 292, 34)"	0.98622	2.246677	2	1.555571509	NA
patient16.gd	"(132, 299, 35)-(137, 309, 38)"	15.68011	38.959261	0.889316	23	1	#ff002f	1	"(132, 299, 35)-(135, 292, 34)"	0.491953	1.540722	0	NA	NA
patient16.gd	"(127, 317, 32)-(132, 299, 35)"	27.223716	166.462296	1.395113	95	1	#00ff14	1	"(132, 299, 35)-(135, 292, 34)"	0.77175	2.674992	0	NA	NA
patient16.gd	"(131, 290, 37)-(133, 289, 34)"	5.927286	38.959261	1.446447	49	27	#00f0ff	2	"(133, 288, 33)-(133, 289, 34)"	1.79287	3.42212	2	1.909646339	NA
patient16.gd	"(131, 290, 37)-(142, 297, 43)"	19.116427	74.376771	1.11286	42	0	#00d1ff	1	"(131, 290, 37)-(133, 289, 34)"	0.769375	3.225157	0	NA	NA
patient16.gd	"(129, 292, 44)-(131, 290, 37)"	10.722936	26.563132	0.88799	15	0	#ff0015	1	"(131, 290, 37)-(133, 289, 34)"	0.613911	1.80908	0	NA	NA
patient16.gd	"(131, 281, 39)-(131, 283, 35)"	6.82663	81.460273	1.948924	73	27	#8800ff	4	"(130, 276, 32)-(131, 283, 35)"	0.850853	0.55737	2	2.734797868	NA
patient16.gd	"(131, 281, 39)-(134, 278, 43)"	7.557764	70.83502	1.727239	44	4	#ff7a7ffffffffffffe7d	3	"(131, 281, 39)-(131, 283, 35)"	0.886253	1.1071	3	1.491720342	NA
patient16.gd	"(134, 278, 43)-(141, 272, 49)"	13.893459	24.792257	0.753664	14	0	#deff7fffffffffffff22	1	"(131, 281, 39)-(134, 278, 43)"	0.43634	1.838303	0	NA	NA
patient16.gd	"(133, 279, 45)-(134, 278, 43)"	3.464102	7.083502	0.806777	4	0	#d600ff	1	"(131, 281, 39)-(134, 278, 43)"	0.467091	0.45835	0	NA	NA
patient16.gd	"(129, 268, 48)-(134, 278, 43)"	16.77778	44.271887	0.916478	25	0	#bc00ff	1	"(131, 281, 39)-(134, 278, 43)"	0.530603	2.21994	0	NA	NA
patient16.gd	"(131, 281, 39)-(132, 286, 44)"	9.756955	46.042763	1.2256	31	5	#ff00b5	1	"(131, 281, 39)-(131, 283, 35)"	0.62886	1.429249	0	NA	NA
patient16.gd	"(129, 277, 30)-(130, 275, 31)"	3.280834	15.937879	1.243507	10	1	#ff004b	4	"(129, 270, 32)-(130, 275, 31)"	0.422435	0.480322	2	1.476227451	1.255005203
patient16.gd	"(129, 277, 30)-(130, 278, 30)"	1.67332	3.541751	0.820814	2	0	#1fff7fffffffffffffe1	3	"(129, 277, 30)-(130, 275, 31)"	0.66008	0.510029	2	NA	NA
patient16.gd	"(130, 278, 30)-(142, 284, 21)"	22.06264	146.982666	1.456228	88	5	#00a8ff	1	"(129, 277, 30)-(130, 278, 30)"	1.774127	13.184949	0	NA	NA
patient16.gd	"(130, 278, 30)-(135, 288, 27)"	15.68011	166.462296	1.838266	96	2	#eb00ff	2	"(129, 277, 30)-(130, 278, 30)"	2.239566	9.370658	2	1.789833158	NA
patient16.gd	"(135, 288, 27)-(144, 296, 24)"	15.842669	92.085525	1.360212	53	1	#ff777ffffffffffffe7a	1	"(130, 278, 30)-(135, 288, 27)"	0.739943	1.010367	0	NA	NA
patient16.gd	"(135, 288, 27)-(135, 292, 25)"	7.541875	30.104883	1.127207	17	0	#ff0012	1	"(130, 278, 30)-(135, 288, 27)"	0.61319	0.480984	0	NA	NA
patient16.gd	"(128, 278, 29)-(129, 277, 30)"	2.097618	3.541751	0.733113	2	0	#e600ff	1	"(129, 277, 30)-(130, 275, 31)"	0.589553	0.639355	0	NA	NA
patient16.gd	"(115, 259, 24)-(120, 262, 27)"	9.639493	463.969378	3.914196	373	111	#00adff	118	"(120, 262, 27)-(121, 261, 29)"	2.759726	2.866739	2	NA	NA
patient16.gd	"(115, 259, 24)-(118, 254, 27)"	8.783822	439.177121	3.989359	319	71	#ff007c	1	"(115, 259, 24)-(120, 262, 27)"	1.019203	0.911233	0	NA	NA
patient16.gd	"(111, 261, 17)-(115, 259, 24)"	12.38835	649.911305	4.086442	531	164	#ffb47ffffffffffffeb7	117	"(115, 259, 24)-(120, 262, 27)"	1.044005	1.285166	3	20.66268092	NA
patient16.gd	"(111, 261, 17)-(114, 253, 17)"	11.784635	410.843114	3.331233	329	97	#08ff7ffffffffffffff8	1	"(111, 261, 17)-(115, 259, 24)"	0.815191	0.951268	0	NA	NA
patient16.gd	"(111, 261, 17)-(111, 262, 16)"	1.732051	3.541751	0.806777	2	0	#001aff	115	"(111, 261, 17)-(115, 259, 24)"	0.197428	0.139813	2	NA	NA
patient16.gd	"(111, 262, 16)-(112, 263, 15)"	2.097618	3.541751	0.733113	2	0	#ff087ffffffffffffe0b	89	"(111, 261, 17)-(111, 262, 16)"	0.908693	1.21106	2	NA	NA
patient16.gd	"(112, 263, 15)-(115, 266, 15)"	5.01996	97.398152	2.485137	87	32	#8aff7fffffffffffff76	82	"(111, 262, 16)-(112, 263, 15)"	3.389841	2.393172	2	NA	NA
patient16.gd	"(115, 266, 15)-(119, 269, 15)"	8.024904	258.547821	3.2024	223	77	#ff00e3	2	"(112, 263, 15)-(115, 266, 15)"	1.288621	1.598599	2	1.382263561	2.506741569
patient16.gd	"(119, 269, 15)-(122, 272, 12)"	6.292853	65.522393	1.820523	62	25	#f3ff7fffffffffffff0d	1	"(115, 266, 15)-(119, 269, 15)"	0.568487	0.784166	0	NA	NA
patient16.gd	"(119, 269, 15)-(122, 266, 15)"	5.868555	77.918522	2.055795	59	15	#00ff1a	1	"(115, 266, 15)-(119, 269, 15)"	0.641954	0.731293	0	NA	NA
patient16.gd	"(115, 266, 15)-(118, 276, 19)"	18.875398	435.63537	2.710432	323	77	#69ff7fffffffffffff97	80	"(112, 263, 15)-(115, 266, 15)"	1.090657	3.760069	2	0.946663587	0.538469916
patient16.gd	"(118, 276, 19)-(123, 273, 14)"	10.488088	106.252529	1.795753	74	14	#ff00cd	1	"(115, 266, 15)-(118, 276, 19)"	0.662534	0.555649	0	NA	NA
patient16.gd	"(118, 276, 19)-(119, 277, 19)"	1.67332	3.541751	0.820814	2	0	#80ff7fffffffffffff80	79	"(115, 266, 15)-(118, 276, 19)"	0.302835	0.088651	2	NA	NA
patient16.gd	"(119, 277, 19)-(121, 281, 15)"	7.659337	63.751518	1.627701	45	9	#8300ff	1	"(118, 276, 19)-(119, 277, 19)"	1.983034	4.577329	0	NA	NA
patient16.gd	"(119, 277, 19)-(121, 278, 20)"	3.280834	19.47963	1.374749	20	9	#ff6d7ffffffffffffe70	78	"(118, 276, 19)-(119, 277, 19)"	1.674861	1.960673	2	NA	NA
patient16.gd	"(121, 278, 20)-(124, 281, 16)"	9.20812	86.772899	1.731935	65	16	#00ffaa	1	"(119, 277, 19)-(121, 278, 20)"	1.259819	2.80664	0	NA	NA
patient16.gd	"(120, 279, 21)-(121, 278, 20)"	2.097618	3.541751	0.733113	2	0	#4400ff	77	"(119, 277, 19)-(121, 278, 20)"	0.533271	0.639355	2	NA	NA
patient16.gd	"(120, 279, 21)-(121, 279, 22)"	1.732051	3.541751	0.806777	2	0	#ff0074	76	"(120, 279, 21)-(121, 278, 20)"	1.100482	0.825723	2	NA	NA
patient16.gd	"(121, 279, 22)-(123, 281, 20)"	4.195235	28.334008	1.466226	19	3	#00ff57	1	"(120, 279, 21)-(121, 279, 22)"	1.817386	2.42212	0	NA	NA
patient16.gd	"(121, 279, 22)-(121, 279, 23)"	1.264911	3.541751	0.94407	2	0	#0018ff	75	"(120, 279, 21)-(121, 279, 22)"	1.170174	0.730297	2	NA	NA
patient16.gd	"(121, 279, 23)-(126, 276, 23)"	8.234987	235.52644	3.017265	173	40	#09ff7ffffffffffffff7	10	"(121, 279, 22)-(121, 279, 23)"	3.196019	6.510329	2	2.284459575	NA
patient16.gd	"(126, 276, 23)-(130, 269, 22)"	10.791763	207.192432	2.472099	145	28	#6c00ff	8	"(121, 279, 23)-(126, 276, 23)"	0.819318	1.310477	2	4.828042781	NA
patient16.gd	"(130, 269, 22)-(133, 265, 24)"	7.051771	113.336031	2.26183	69	5	#70ff7fffffffffffff90	6	"(126, 276, 23)-(130, 269, 22)"	0.914943	0.65344	2	1.143460699	1.214092173
patient16.gd	"(133, 265, 24)-(135, 263, 26)"	4.195235	24.792257	1.371529	19	5	#ff00e7	5	"(130, 269, 22)-(133, 265, 24)"	0.60638	0.594919	2	NA	NA
patient16.gd	"(135, 263, 26)-(147, 260, 29)"	17.190871	92.085525	1.305785	52	0	#0093ff	1	"(133, 265, 24)-(135, 263, 26)"	0.952066	4.097713	0	NA	NA
patient16.gd	"(134, 251, 33)-(135, 263, 26)"	19.261673	134.586537	1.491348	78	2	#ff000d	4	"(133, 265, 24)-(135, 263, 26)"	1.087361	4.591321	2	2.63667488	1.815097677
patient16.gd	"(134, 251, 33)-(136, 244, 41)"	14.1204	30.104883	0.823797	17	0	#7aff7fffffffffffff86	1	"(134, 251, 33)-(135, 263, 26)"	0.552384	0.733083	0	NA	NA
patient16.gd	"(134, 251, 33)-(135, 242, 33)"	12.11218	70.83502	1.364388	40	0	#c8ff7fffffffffffff38	3	"(134, 251, 33)-(135, 263, 26)"	0.914869	0.628823	2	1.73243724	NA
patient16.gd	"(135, 242, 33)-(142, 232, 33)"	15.262888	40.730136	0.921647	23	0	#ff0055	1	"(134, 251, 33)-(135, 242, 33)"	0.675502	1.260127	0	NA	NA
patient16.gd	"(126, 232, 38)-(135, 242, 33)"	18.489122	47.813638	0.907283	27	0	#e0ff7fffffffffffff20	2	"(134, 251, 33)-(135, 242, 33)"	0.664974	1.52649	2	8.005589172	1.193843581
patient16.gd	"(124, 221, 39)-(126, 232, 38)"	14.544419	24.792257	0.736605	14	0	#ff407ffffffffffffe43	1	"(126, 232, 38)-(135, 242, 33)"	0.81188	0.786647	0	NA	NA
patient16.gd	"(122, 231, 39)-(126, 232, 38)"	5.771803	14.167004	0.883911	8	0	#00e9ff	1	"(126, 232, 38)-(135, 242, 33)"	0.974239	0.312173	0	NA	NA
patient16.gd	"(133, 265, 24)-(135, 263, 23)"	3.770938	14.167004	1.093552	8	0	#a7ff7fffffffffffff59	1	"(130, 269, 22)-(133, 265, 24)"	0.483481	0.53475	0	NA	NA
patient16.gd	"(127, 263, 19)-(130, 269, 22)"	15.835594	196.567179	1.987757	161	50	#00ff83	2	"(126, 276, 23)-(130, 269, 22)"	0.804077	1.467378	2	0.96208218	NA
patient16.gd	"(127, 263, 19)-(129, 263, 17)"	4.195235	10.625253	0.897876	7	1	#00ff1f	1	"(127, 263, 19)-(130, 269, 22)"	0.451703	0.264924	0	NA	NA
patient16.gd	"(127, 263, 19)-(128, 246, 14)"	25.184829	85.002024	1.036502	48	0	#ff0090	1	"(127, 263, 19)-(130, 269, 22)"	0.521443	1.590394	0	NA	NA
patient16.gd	"(126, 276, 23)-(129, 278, 22)"	5.078691	60.209767	1.942597	39	5	#3e00ff	2	"(121, 279, 23)-(126, 276, 23)"	0.643827	0.616721	2	1.801409451	NA
patient16.gd	"(129, 278, 22)-(139, 287, 15)"	20.030829	81.460273	1.137754	46	0	#6dff7fffffffffffff93	1	"(126, 276, 23)-(129, 278, 22)"	0.585687	3.944093	0	NA	NA
patient16.gd	"(129, 278, 22)-(137, 278, 19)"	11.967903	83.231148	1.487849	48	1	#00ff03	1	"(126, 276, 23)-(129, 278, 22)"	0.765908	2.356494	0	NA	NA
patient16.gd	"(111, 281, 27)-(121, 279, 23)"	17.57472	621.577297	3.355277	433	82	#ff3f7ffffffffffffe42	65	"(121, 279, 22)-(121, 279, 23)"	3.554057	13.894036	2	NA	NA
patient16.gd	"(111, 281, 27)-(125, 297, 27)"	29.000864	880.125118	3.108077	649	152	#ff00b6	2	"(111, 281, 27)-(121, 279, 23)"	0.926325	1.650147	2	1.254548516	NA
patient16.gd	"(125, 297, 27)-(149, 317, 38)"	52.38076	575.534534	1.870143	345	20	#79ff7fffffffffffff87	1	"(111, 281, 27)-(125, 297, 27)"	0.601704	1.806179	0	NA	NA
patient16.gd	"(125, 297, 27)-(149, 313, 21)"	42.97987	393.134359	1.70633	244	22	#6dff7fffffffffffff93	1	"(111, 281, 27)-(125, 297, 27)"	0.548999	1.48202	0	NA	NA
patient16.gd	"(101, 287, 24)-(111, 281, 27)"	19.516854	956.272764	3.949217	677	137	#2c00ff	63	"(111, 281, 27)-(121, 279, 23)"	1.177017	1.110507	2	1.607794869	0.696625883
patient16.gd	"(101, 287, 24)-(104, 292, 22)"	9.20812	244.380818	2.906519	211	73	#ff00b5	61	"(101, 287, 24)-(111, 281, 27)"	0.735973	0.471803	2	NA	NA
patient16.gd	"(104, 292, 22)-(104, 293, 21)"	1.732051	3.541751	0.806777	2	0	#ff0029	60	"(101, 287, 24)-(104, 292, 22)"	0.277575	0.1881	2	NA	NA
patient16.gd	"(104, 293, 21)-(105, 294, 20)"	2.097618	3.541751	0.733113	2	0	#0092ff	28	"(104, 292, 22)-(104, 293, 21)"	0.908693	1.21106	2	NA	NA
patient16.gd	"(105, 294, 20)-(107, 292, 20)"	3.34664	35.41751	1.835395	28	8	#13ff7fffffffffffffed	23	"(104, 293, 21)-(105, 294, 20)"	2.503564	1.595448	2	NA	NA
patient16.gd	"(107, 292, 20)-(117, 286, 18)"	30.084382	1053.670916	3.338928	817	222	#5000ff	1	"(105, 294, 20)-(107, 292, 20)"	1.819187	8.989429	0	NA	NA
patient16.gd	"(107, 292, 20)-(115, 296, 16)"	15.045729	630.431674	3.652056	468	112	#ffd77ffffffffffffeda	22	"(105, 294, 20)-(107, 292, 20)"	1.989793	4.495771	2	0.724120232	0.382673207
patient16.gd	"(115, 296, 16)-(116, 295, 15)"	2.097618	3.541751	0.733113	2	0	#00feff	4	"(107, 292, 20)-(115, 296, 16)"	0.20074	0.139416	3	NA	NA
patient16.gd	"(116, 295, 15)-(121, 299, 15)"	8.849629	212.505059	2.764695	153	33	#ffc67ffffffffffffec9	2	"(115, 296, 16)-(116, 295, 15)"	3.771171	4.218895	2	1.839010845	NA
patient16.gd	"(121, 299, 15)-(127, 301, 15)"	9.908307	134.586537	2.079343	108	32	#77ff7fffffffffffff89	1	"(116, 295, 15)-(121, 299, 15)"	0.752106	1.11963	0	NA	NA
patient16.gd	"(121, 299, 15)-(124, 296, 15)"	5.868555	53.126265	1.697517	42	12	#ff427ffffffffffffe45	1	"(116, 295, 15)-(121, 299, 15)"	0.613998	0.663141	0	NA	NA
patient16.gd	"(116, 295, 15)-(119, 291, 18)"	7.600606	150.524417	2.510755	108	23	#3700ff	1	"(115, 296, 16)-(116, 295, 15)"	3.424787	3.623447	0	NA	NA
patient16.gd	"(116, 295, 15)-(118, 294, 7)"	14.93805	177.087549	1.94255	127	27	#00ffec	1	"(115, 296, 16)-(116, 295, 15)"	2.649728	7.121436	0	NA	NA
patient16.gd	"(114, 298, 16)-(115, 296, 16)"	2.856536	42.501012	2.17623	28	4	#ff357ffffffffffffe38	18	"(107, 292, 20)-(115, 296, 16)"	0.595892	0.189857	2	NA	NA
patient16.gd	"(112, 307, 14)-(114, 298, 16)"	14.555625	561.36753	3.503751	430	113	#dcff7fffffffffffff24	11	"(114, 298, 16)-(115, 296, 16)"	1.610009	5.095551	2	1.22961149	0.805868887
patient16.gd	"(112, 307, 14)-(113, 307, 8)"	12.205082	322.299339	2.899242	234	52	#0074ff	1	"(112, 307, 14)-(114, 298, 16)"	0.827468	0.838513	0	NA	NA
patient16.gd	"(112, 307, 14)-(112, 308, 14)"	1.183216	3.541751	0.976117	2	0	#009dff	10	"(112, 307, 14)-(114, 298, 16)"	0.278592	0.081289	2	NA	NA
patient16.gd	"(112, 308, 14)-(115, 309, 14)"	5.137422	72.605895	2.120989	56	15	#0079ff	7	"(112, 307, 14)-(112, 308, 14)"	2.172883	4.341914	2	NA	NA
patient16.gd	"(115, 309, 14)-(117, 309, 15)"	2.915267	19.47963	1.458399	16	5	#a3ff7fffffffffffff5d	6	"(112, 308, 14)-(115, 309, 14)"	0.687603	0.567457	2	NA	NA
patient16.gd	"(117, 309, 15)-(122, 306, 15)"	8.234987	201.879806	2.793444	147	33	#ffeb7ffffffffffffeee	5	"(115, 309, 14)-(117, 309, 15)"	1.915419	2.82478	2	1.961509481	1.384970258
patient16.gd	"(122, 306, 15)-(124, 308, 12)"	6.402333	118.648658	2.428775	86	19	#00f8ff	4	"(117, 309, 15)-(122, 306, 15)"	0.869455	0.777455	2	0.790234419	2.752361523
patient16.gd	"(124, 308, 12)-(127, 305, 11)"	6.292853	33.646634	1.304584	31	12	#0045ff	1	"(122, 306, 15)-(124, 308, 12)"	0.537137	0.9829	0	NA	NA
patient16.gd	"(123, 309, 13)-(124, 308, 12)"	2.097618	3.541751	0.733113	2	0	#ffda7ffffffffffffedd	3	"(122, 306, 15)-(124, 308, 12)"	0.301845	0.327633	2	NA	NA
patient16.gd	"(123, 309, 13)-(126, 312, 11)"	5.868555	44.271887	1.549614	33	8	#0500ff	2	"(123, 309, 13)-(124, 308, 12)"	2.113745	2.797724	2	NA	NA
patient16.gd	"(126, 312, 11)-(129, 310, 8)"	8.418255	42.501012	1.267692	36	12	#00ff37	1	"(123, 309, 13)-(126, 312, 11)"	0.818069	1.434468	0	NA	NA
patient16.gd	"(125, 315, 10)-(126, 312, 11)"	4.588587	35.41751	1.567453	26	6	#ff467ffffffffffffe49	1	"(123, 309, 13)-(126, 312, 11)"	1.011512	0.781894	0	NA	NA
patient16.gd	"(121, 315, 16)-(123, 309, 13)"	10.332605	123.961284	1.954174	86	16	#8dff7fffffffffffff73	1	"(123, 309, 13)-(124, 308, 12)"	2.665583	4.925876	0	NA	NA
patient16.gd	"(122, 306, 15)-(124, 307, 16)"	3.405371	19.47963	1.349377	18	7	#43ff7fffffffffffffbd	1	"(117, 309, 15)-(122, 306, 15)"	0.483051	0.413525	0	NA	NA
patient16.gd	"(117, 309, 15)-(119, 316, 10)"	13.454104	226.672063	2.315777	152	24	#00ff6d	1	"(115, 309, 14)-(117, 309, 15)"	1.58789	4.615051	0	NA	NA
patient16.gd	"(115, 309, 14)-(117, 309, 8)"	10.290732	161.14967	2.232629	118	27	#00ff6f	1	"(112, 308, 14)-(115, 309, 14)"	1.052636	2.003093	0	NA	NA
patient16.gd	"(112, 308, 14)-(112, 311, 14)"	5.502989	81.460273	2.170694	73	27	#ff0020	3	"(112, 307, 14)-(112, 308, 14)"	2.223805	4.650874	2	NA	NA
patient16.gd	"(111, 313, 12)-(112, 311, 14)"	3.829669	21.250506	1.329013	17	5	#c200ff	2	"(112, 308, 14)-(112, 311, 14)"	0.612252	0.695925	2	NA	NA
patient16.gd	"(111, 313, 12)-(113, 317, 12)"	7.659337	116.877782	2.203918	74	8	#00ff78	1	"(111, 313, 12)-(112, 311, 14)"	1.658312	2	0	NA	NA
patient16.gd	"(107, 314, 8)-(111, 313, 12)"	9.698224	161.14967	2.299819	137	46	#cfff7fffffffffffff31	1	"(111, 313, 12)-(112, 311, 14)"	1.730472	2.532393	0	NA	NA
patient16.gd	"(107, 315, 13)-(112, 311, 14)"	10.091575	150.524417	2.178959	95	10	#0032ff	1	"(112, 308, 14)-(112, 311, 14)"	1.003807	1.833835	0	NA	NA
patient16.gd	"(111, 298, 13)-(114, 298, 16)"	5.927286	120.419533	2.542995	85	17	#fff37ffffffffffffef6	7	"(114, 298, 16)-(115, 296, 16)"	1.168532	2.074991	3	2.798075982	NA
patient16.gd	"(111, 298, 13)-(116, 297, 8)"	13.103595	120.419533	1.710324	106	38	#fff87ffffffffffffefb	1	"(111, 298, 13)-(114, 298, 16)"	0.672563	2.210724	0	NA	NA
patient16.gd	"(110, 297, 12)-(111, 298, 13)"	2.097618	3.541751	0.733113	2	0	#0046ff	5	"(111, 298, 13)-(114, 298, 16)"	0.288287	0.353892	2	NA	NA
patient16.gd	"(110, 294, 11)-(110, 297, 12)"	4.098483	70.83502	2.345511	55	15	#c9ff7fffffffffffff37	4	"(110, 297, 12)-(111, 298, 13)"	3.199386	1.953875	2	4.697531077	NA
patient16.gd	"(110, 294, 11)-(113, 291, 10)"	6.292853	100.939903	2.259606	83	26	#f5ff7fffffffffffff0b	1	"(110, 294, 11)-(110, 297, 12)"	0.963375	1.53541	0	NA	NA
patient16.gd	"(108, 292, 11)-(110, 294, 11)"	3.34664	26.563132	1.589499	18	3	#ff797ffffffffffffe7c	3	"(110, 294, 11)-(110, 297, 12)"	0.677677	0.816556	2	NA	NA
patient16.gd	"(108, 287, 10)-(108, 292, 11)"	8.418255	125.73216	2.180405	98	27	#00fff9	2	"(108, 292, 11)-(110, 294, 11)"	1.371756	2.515435	2	1.357321545	1.776144989
patient16.gd	"(108, 287, 10)-(109, 283, 8)"	7.176309	40.730136	1.344103	43	20	#ff00ac	1	"(108, 287, 10)-(108, 292, 11)"	0.616446	0.85247	0	NA	NA
patient16.gd	"(106, 286, 8)-(108, 287, 10)"	3.829669	19.47963	1.272433	19	8	#ff0055	1	"(108, 287, 10)-(108, 292, 11)"	0.583576	0.454924	0	NA	NA
patient16.gd	"(105, 295, 8)-(108, 292, 11)"	6.292853	69.064144	1.869079	54	15	#3600ff	1	"(108, 292, 11)-(110, 294, 11)"	1.175892	1.88035	0	NA	NA
patient16.gd	"(107, 293, 5)-(110, 297, 12)"	15.953055	123.961284	1.572701	83	13	#00c4ff	1	"(110, 297, 12)-(111, 298, 13)"	2.145237	7.605321	0	NA	NA
patient16.gd	"(107, 296, 8)-(111, 298, 13)"	13.796707	203.650681	2.167606	153	38	#00ff74	1	"(111, 298, 13)-(114, 298, 16)"	0.852383	2.32766	0	NA	NA
patient16.gd	"(104, 299, 18)-(105, 294, 20)"	8.476986	315.215837	3.440395	251	73	#ff8f7ffffffffffffe92	5	"(104, 293, 21)-(105, 294, 20)"	4.692858	4.041245	2	4.919527363	NA
patient16.gd	"(102, 301, 18)-(104, 299, 18)"	4.195235	74.376771	2.375558	79	37	#9eff7fffffffffffff62	4	"(104, 299, 18)-(105, 294, 20)"	0.69049	0.494897	2	NA	NA
patient16.gd	"(102, 301, 18)-(103, 314, 18)"	25.10952	993.46115	3.548798	768	207	#00b5ff	1	"(102, 301, 18)-(104, 299, 18)"	1.49388	5.985247	0	NA	NA
patient16.gd	"(98, 302, 16)-(102, 301, 18)"	7.051771	297.507082	3.664583	229	61	#0079ff	3	"(102, 301, 18)-(104, 299, 18)"	1.54262	1.6809	2	0.905544	NA
patient16.gd	"(97, 306, 11)-(98, 302, 16)"	10.122522	100.939903	1.781608	110	53	#ff317ffffffffffffe34	1	"(98, 302, 16)-(102, 301, 18)"	0.486169	1.435458	0	NA	NA
patient16.gd	"(96, 301, 14)-(98, 302, 16)"	3.829669	31.875759	1.627701	24	6	#ff005e	2	"(98, 302, 16)-(102, 301, 18)"	0.444171	0.543079	2	3.090613003	NA
patient16.gd	"(94, 297, 10)-(96, 301, 14)"	7.659337	46.042763	1.38328	57	31	#b2ff7fffffffffffff4e	1	"(96, 301, 14)-(98, 302, 16)"	0.849837	2	0	NA	NA
patient16.gd	"(93, 303, 9)-(96, 301, 14)"	13.578641	61.980642	1.205383	42	7	#ff5f7ffffffffffffe62	1	"(96, 301, 14)-(98, 302, 16)"	0.740543	3.545644	0	NA	NA
patient16.gd	"(102, 298, 11)-(104, 299, 18)"	11.92121	412.613989	3.319226	297	64	#0080ff	1	"(104, 299, 18)-(105, 294, 20)"	0.964781	1.406303	0	NA	NA
patient16.gd	"(98, 296, 22)-(104, 293, 21)"	9.118443	375.425604	3.620151	285	73	#c0ff7fffffffffffff40	32	"(104, 292, 22)-(104, 293, 21)"	4.487174	5.264535	2	1.163871452	NA
patient16.gd	"(96, 295, 23)-(98, 296, 22)"	3.280834	12.396128	1.09667	9	2	#ff007a	31	"(98, 296, 22)-(104, 293, 21)"	0.302935	0.359802	2	NA	NA
patient16.gd	"(95, 296, 22)-(96, 295, 23)"	2.097618	3.541751	0.733113	2	0	#1bff7fffffffffffffe5	16	"(96, 295, 23)-(98, 296, 22)"	0.66849	0.639355	2	NA	NA
patient16.gd	"(94, 296, 20)-(95, 296, 22)"	2.996962	38.959261	2.034182	26	4	#0058ff	5	"(95, 296, 22)-(96, 295, 23)"	2.774718	1.428746	2	NA	NA
patient16.gd	"(91, 296, 18)-(94, 296, 20)"	4.647318	97.398152	2.58285	85	30	#ff004c	4	"(94, 296, 20)-(95, 296, 22)"	1.269724	1.550676	2	NA	NA
patient16.gd	"(90, 297, 17)-(91, 296, 18)"	2.097618	3.541751	0.733113	2	0	#ff00dd	3	"(91, 296, 18)-(94, 296, 20)"	0.283839	0.451361	2	NA	NA
patient16.gd	"(90, 297, 17)-(90, 298, 11)"	11.489006	157.607919	2.089647	117	28	#00ddff	1	"(90, 297, 17)-(91, 296, 18)"	2.850375	5.477168	0	NA	NA
patient16.gd	"(87, 299, 17)-(90, 297, 17)"	5.502989	95.627276	2.351888	83	29	#00ffe2	2	"(90, 297, 17)-(91, 296, 18)"	3.208084	2.623447	2	2.836635028	NA
patient16.gd	"(82, 305, 16)-(87, 299, 17)"	10.822709	85.002024	1.581145	76	28	#00ffb6	1	"(87, 299, 17)-(90, 297, 17)"	0.672288	1.966697	0	NA	NA
patient16.gd	"(81, 297, 15)-(87, 299, 17)"	10.88144	143.440915	2.048417	128	47	#ff002d	1	"(87, 299, 17)-(90, 297, 17)"	0.870967	1.977369	0	NA	NA
patient16.gd	"(88, 293, 13)-(91, 296, 18)"	11.430275	299.277958	2.886916	277	108	#00ff77	1	"(91, 296, 18)-(94, 296, 20)"	1.117725	2.459542	0	NA	NA
patient16.gd	"(86, 306, 20)-(94, 296, 20)"	20.190226	368.342102	2.409795	249	41	#ff5f7ffffffffffffe62	1	"(94, 296, 20)-(95, 296, 22)"	1.184651	6.736898	0	NA	NA
patient16.gd	"(92, 303, 21)-(95, 296, 22)"	12.247924	552.513153	3.789354	389	77	#af00ff	11	"(95, 296, 22)-(96, 295, 23)"	5.168854	5.838969	2	1.650600605	NA
patient16.gd	"(92, 303, 21)-(93, 308, 21)"	10.063791	262.089572	2.879182	208	60	#56ff7fffffffffffffaa	1	"(92, 303, 21)-(95, 296, 22)"	0.759808	0.821673	0	NA	NA
patient16.gd	"(86, 314, 16)-(92, 303, 21)"	19.999883	265.631323	2.056132	190	40	#0042ff	10	"(92, 303, 21)-(95, 296, 22)"	0.542608	1.63292	2	NA	0.381115986
patient16.gd	"(85, 315, 16)-(86, 314, 16)"	1.67332	3.541751	0.820814	2	0	#0078ff	8	"(86, 314, 16)-(92, 303, 21)"	0.399203	0.083666	2	NA	NA
patient16.gd	"(85, 315, 16)-(88, 316, 15)"	4.588587	37.188385	1.606162	23	2	#b5ff7fffffffffffff4b	7	"(85, 315, 16)-(86, 314, 16)"	1.956792	2.742205	2	2.916955999	2.27632365
patient16.gd	"(88, 316, 15)-(90, 315, 14)"	3.405371	21.250506	1.409378	12	0	#ff857ffffffffffffe88	6	"(85, 315, 16)-(88, 316, 15)"	0.877482	0.742139	2	NA	NA
patient16.gd	"(90, 315, 14)-(93, 317, 16)"	5.378451	26.563132	1.253823	20	5	#ff677ffffffffffffe6a	1	"(88, 316, 15)-(90, 315, 14)"	0.889628	1.579403	0	NA	NA
patient16.gd	"(90, 315, 14)-(91, 312, 12)"	5.137422	33.646634	1.443854	20	1	#00ff63	5	"(88, 316, 15)-(90, 315, 14)"	1.024462	1.508623	2	NA	NA
patient16.gd	"(91, 312, 12)-(93, 312, 11)"	3.770938	31.875759	1.640328	26	8	#0057ff	4	"(90, 315, 14)-(91, 312, 12)"	1.136076	0.734014	2	2.318694596	NA
patient16.gd	"(93, 312, 11)-(95, 314, 12)"	3.770938	15.937879	1.159887	9	0	#ff0026	3	"(91, 312, 12)-(93, 312, 11)"	0.707107	1	2	2.251898987	NA
patient16.gd	"(95, 314, 12)-(97, 311, 11)"	4.954154	14.167004	0.954068	8	0	#ff00bc	1	"(93, 312, 11)-(95, 314, 12)"	0.822553	1.313772	0	NA	NA
patient16.gd	"(95, 314, 12)-(96, 315, 13)"	2.097618	3.541751	0.733113	2	0	#0097ff	2	"(93, 312, 11)-(95, 314, 12)"	0.632056	0.556259	2	NA	NA
patient16.gd	"(96, 315, 13)-(100, 317, 13)"	6.686205	65.522393	1.76616	41	4	#c7ff7fffffffffffff39	1	"(95, 314, 12)-(96, 315, 13)"	2.409124	3.187523	0	NA	NA
patient16.gd	"(93, 317, 11)-(96, 315, 13)"	5.502989	31.875759	1.357863	18	0	#ff057ffffffffffffe08	1	"(95, 314, 12)-(96, 315, 13)"	1.852188	2.623447	0	NA	NA
patient16.gd	"(93, 312, 11)-(95, 312, 9)"	4.195235	21.250506	1.269789	17	5	#00ff88	1	"(91, 312, 12)-(93, 312, 11)"	0.774107	1.112518	0	NA	NA
patient16.gd	"(89, 309, 9)-(91, 312, 12)"	5.927286	46.042763	1.572453	48	22	#0600ff	1	"(90, 315, 14)-(91, 312, 12)"	1.089067	1.153747	0	NA	NA
patient16.gd	"(87, 317, 13)-(88, 316, 15)"	3.362529	12.396128	1.083266	8	1	#a300ff	1	"(85, 315, 16)-(88, 316, 15)"	0.674444	0.732803	0	NA	NA
patient16.gd	"(81, 317, 15)-(85, 315, 16)"	6.13737	49.584514	1.60364	36	8	#7aff7fffffffffffff86	1	"(85, 315, 16)-(86, 314, 16)"	1.95372	3.66778	0	NA	NA
patient16.gd	"(84, 311, 14)-(86, 314, 16)"	5.502989	74.376771	2.07417	47	5	#ff5b7ffffffffffffe5e	2	"(86, 314, 16)-(92, 303, 21)"	1.008773	0.275151	2	1.545511017	NA
patient16.gd	"(84, 311, 14)-(84, 313, 10)"	6.82663	40.730136	1.378097	33	10	#00ff03	1	"(84, 311, 14)-(86, 314, 16)"	0.664409	1.240531	0	NA	NA
patient16.gd	"(82, 309, 14)-(84, 311, 14)"	4.195235	21.250506	1.269789	24	12	#00ff07	1	"(84, 311, 14)-(86, 314, 16)"	0.612191	0.762356	0	NA	NA
patient16.gd	"(87, 291, 25)-(96, 295, 23)"	15.411296	938.56401	4.402886	621	91	#00ffbe	15	"(96, 295, 23)-(98, 296, 22)"	4.014777	4.697372	2	3.766530095	NA
patient16.gd	"(80, 296, 26)-(87, 291, 25)"	12.130462	373.654728	3.131278	266	55	#00ff98	12	"(87, 291, 25)-(96, 295, 23)"	0.711188	0.787115	3	NA	NA
patient16.gd	"(80, 296, 26)-(83, 301, 26)"	11.574552	414.384865	3.375786	318	84	#ff00c7	1	"(80, 296, 26)-(87, 291, 25)"	1.078086	0.954172	0	NA	NA
patient16.gd	"(76, 301, 28)-(80, 296, 26)"	8.725091	178.858424	2.554434	110	9	#00c4ff	7	"(80, 296, 26)-(87, 291, 25)"	0.81578	0.719271	2	0.896298097	1
patient16.gd	"(76, 301, 28)-(79, 305, 26)"	7.051771	53.126265	1.548569	42	12	#ff007ffffffffffffe03	1	"(76, 301, 28)-(80, 296, 26)"	0.606228	0.808217	0	NA	NA
patient16.gd	"(75, 302, 28)-(76, 301, 28)"	1.67332	3.541751	0.820814	2	0	#00ff25	6	"(76, 301, 28)-(80, 296, 26)"	0.321329	0.191783	2	NA	NA
patient16.gd	"(73, 306, 29)-(75, 302, 28)"	7.117578	77.918522	1.866721	44	0	#ff0097	3	"(75, 302, 28)-(76, 301, 28)"	2.274232	4.253566	2	2.333658532	NA
patient16.gd	"(72, 312, 28)-(73, 306, 29)"	8.993906	85.002024	1.734465	48	0	#00f8ff	2	"(73, 306, 29)-(75, 302, 28)"	0.929151	1.263619	2	3.909402154	NA
patient16.gd	"(72, 312, 28)-(75, 317, 28)"	7.386392	31.875759	1.172031	18	0	#ff8c7ffffffffffffe8f	1	"(72, 312, 28)-(73, 306, 29)"	0.675731	0.821266	0	NA	NA
patient16.gd	"(66, 317, 28)-(72, 312, 28)"	9.549816	79.689397	1.629776	47	2	#00fcff	1	"(72, 312, 28)-(73, 306, 29)"	0.939642	1.06181	0	NA	NA
patient16.gd	"(71, 306, 32)-(73, 306, 29)"	4.729013	10.625253	0.845687	6	0	#ff0012	1	"(73, 306, 29)-(75, 302, 28)"	0.453033	0.664413	0	NA	NA
patient16.gd	"(63, 303, 25)-(75, 302, 28)"	18.046542	200.10893	1.878717	116	3	#00ffb2	3	"(75, 302, 28)-(76, 301, 28)"	2.288847	10.784872	2	1.466265641	0.675852096
patient16.gd	"(61, 307, 26)-(63, 303, 25)"	6.13737	21.250506	1.049829	12	0	#90ff7fffffffffffff70	1	"(63, 303, 25)-(75, 302, 28)"	0.558801	0.340086	0	NA	NA
patient16.gd	"(59, 305, 23)-(63, 303, 25)"	6.810742	35.41751	1.28658	20	0	#00ffdf	2	"(63, 303, 25)-(75, 302, 28)"	0.684819	0.377399	2	3.201924275	NA
patient16.gd	"(56, 304, 24)-(59, 305, 23)"	5.444258	15.937879	0.965319	9	0	#ff0075	1	"(59, 305, 23)-(63, 303, 25)"	0.750299	0.799363	0	NA	NA
patient16.gd	"(48, 311, 19)-(59, 305, 23)"	17.777728	67.293269	1.097672	38	0	#bbff7fffffffffffff45	1	"(59, 305, 23)-(63, 303, 25)"	0.853171	2.610248	0	NA	NA
patient16.gd	"(72, 288, 32)-(80, 296, 26)"	16.749995	212.505059	2.009566	135	15	#8600ff	4	"(80, 296, 26)-(87, 291, 25)"	0.641772	1.380821	2	1.568892221	NA
patient16.gd	"(68, 289, 31)-(72, 288, 32)"	6.627474	21.250506	1.010266	14	2	#00ff04	1	"(72, 288, 32)-(80, 296, 26)"	0.502728	0.39567	0	NA	NA
patient16.gd	"(63, 283, 43)-(72, 288, 32)"	20.14926	150.524417	1.542052	86	1	#005dff	3	"(72, 288, 32)-(80, 296, 26)"	0.767356	1.202941	2	1.663170888	0.387190106
patient16.gd	"(63, 283, 43)-(64, 282, 44)"	2.097618	3.541751	0.733113	2	0	#ff217ffffffffffffe24	1	"(63, 283, 43)-(72, 288, 32)"	0.475414	0.104104	0	NA	NA
patient16.gd	"(60, 284, 41)-(63, 283, 43)"	5.012884	24.792257	1.254698	14	0	#ff0066	2	"(63, 283, 43)-(72, 288, 32)"	0.813655	0.248788	2	3.683516186	NA
patient16.gd	"(57, 288, 43)-(60, 284, 41)"	7.176309	17.708755	0.886275	10	0	#0091ff	1	"(60, 284, 41)-(63, 283, 43)"	0.706365	1.431573	0	NA	NA
patient16.gd	"(47, 285, 44)-(60, 284, 41)"	18.374087	76.147646	1.148551	43	0	#ffb27ffffffffffffeb5	1	"(60, 284, 41)-(63, 283, 43)"	0.915401	3.665372	0	NA	NA
patient16.gd	"(78, 283, 20)-(87, 291, 25)"	18.895137	968.668893	4.039594	687	140	#00ff9f	3	"(87, 291, 25)-(96, 295, 23)"	0.917488	1.226058	2	0.63263247	0.510197809
patient16.gd	"(77, 284, 19)-(78, 283, 20)"	2.097618	3.541751	0.733113	2	0	#2600ff	2	"(78, 283, 20)-(87, 291, 25)"	0.181482	0.111014	2	NA	NA
patient16.gd	"(76, 286, 20)-(77, 284, 19)"	3.280834	23.021381	1.494509	17	4	#00d6ff	1	"(77, 284, 19)-(78, 283, 20)"	2.03858	1.564076	0	NA	NA
patient16.gd	"(67, 287, 15)-(77, 284, 19)"	15.497811	74.376771	1.235972	48	6	#00ff20	1	"(77, 284, 19)-(78, 283, 20)"	1.685923	7.388292	0	NA	NA
patient16.gd	"(73, 279, 18)-(78, 283, 20)"	8.725091	120.419533	2.095987	101	33	#ff000e	1	"(78, 283, 20)-(87, 291, 25)"	0.518861	0.461764	0	NA	NA
patient16.gd	"(93, 303, 15)-(98, 296, 22)"	16.466124	414.384865	2.830293	322	88	#0010ff	1	"(98, 296, 22)-(104, 293, 21)"	0.781816	1.805804	0	NA	NA
patient16.gd	"(95, 285, 16)-(104, 292, 22)"	20.112524	1055.441792	4.08704	776	180	#ff00aa	1	"(101, 287, 24)-(104, 292, 22)"	1.406163	2.184216	0	NA	NA
patient16.gd	"(98, 287, 26)-(101, 287, 24)"	5.378451	81.460273	2.195682	70	24	#ff307ffffffffffffe33	2	"(101, 287, 24)-(111, 281, 27)"	0.555979	0.27558	2	NA	NA
patient16.gd	"(98, 287, 26)-(99, 289, 29)"	5.927286	131.044786	2.652815	102	28	#ff00cd	1	"(98, 287, 26)-(101, 287, 24)"	1.208197	1.102043	0	NA	NA
patient16.gd	"(92, 281, 26)-(98, 287, 26)"	11.737111	428.551869	3.40915	354	112	#ff006e	1	"(98, 287, 26)-(101, 287, 24)"	1.552662	2.182247	0	NA	NA
patient16.gd	"(120, 279, 21)-(120, 284, 23)"	10.515873	139.899164	2.057832	104	25	#ff0089	1	"(120, 279, 21)-(121, 278, 20)"	2.806978	5.013246	0	NA	NA
patient16.gd	"(111, 265, 13)-(112, 263, 15)"	3.829669	23.021381	1.38328	14	1	#00d6ff	7	"(111, 262, 16)-(112, 263, 15)"	1.886858	1.825723	2	NA	NA
patient16.gd	"(111, 265, 13)-(111, 267, 12)"	3.770938	67.293269	2.383341	60	22	#ff8b7ffffffffffffe8e	5	"(111, 265, 13)-(112, 263, 15)"	1.722963	0.984664	2	NA	NA
patient16.gd	"(111, 267, 12)-(112, 268, 11)"	2.097618	3.541751	0.733113	2	0	#00ffdd	4	"(111, 265, 13)-(111, 267, 12)"	0.307599	0.556259	2	NA	NA
patient16.gd	"(112, 268, 11)-(117, 268, 5)"	11.496912	363.029475	3.170337	258	53	#0016ff	1	"(111, 267, 12)-(112, 268, 11)"	4.324486	5.480938	0	NA	NA
patient16.gd	"(112, 268, 11)-(114, 272, 9)"	6.561667	175.316673	2.916282	140	41	#0051ff	3	"(111, 267, 12)-(112, 268, 11)"	3.977944	3.128152	2	7.915460834	NA
patient16.gd	"(114, 272, 9)-(119, 275, 8)"	8.783822	182.400175	2.570964	129	26	#1c00ff	2	"(112, 268, 11)-(114, 272, 9)"	0.881589	1.338657	2	0.945034528	1.262916183
patient16.gd	"(119, 275, 8)-(121, 273, 7)"	3.770938	10.625253	0.947044	13	7	#e6ff7fffffffffffff1a	1	"(114, 272, 9)-(119, 275, 8)"	0.368361	0.429305	0	NA	NA
patient16.gd	"(116, 278, 5)-(119, 275, 8)"	6.292853	46.042763	1.526096	37	11	#ffcb7ffffffffffffece	1	"(114, 272, 9)-(119, 275, 8)"	0.593589	0.716414	0	NA	NA
patient16.gd	"(110, 276, 6)-(114, 272, 9)"	7.966173	189.483677	2.751605	138	31	#8400ff	1	"(112, 268, 11)-(114, 272, 9)"	0.943532	1.214047	0	NA	NA
patient16.gd	"(105, 272, 6)-(111, 267, 12)"	12.220139	396.67611	3.214438	338	114	#ffa47ffffffffffffea7	1	"(111, 265, 13)-(111, 267, 12)"	1.348711	3.24061	0	NA	NA
patient16.gd	"(111, 263, 9)-(111, 265, 13)"	5.993924	216.04681	3.38722	189	67	#00ff02	2	"(111, 265, 13)-(112, 263, 15)"	2.448687	1.565129	2	NA	NA
patient16.gd	"(111, 263, 9)-(114, 262, 5)"	6.82663	139.899164	2.55405	110	31	#b5ff7fffffffffffff4b	1	"(111, 263, 9)-(111, 265, 13)"	0.754026	1.138925	0	NA	NA
patient16.gd	"(107, 261, 5)-(111, 263, 9)"	7.659337	309.903211	3.588744	273	98	#ff987ffffffffffffe9b	1	"(111, 263, 9)-(111, 265, 13)"	1.059496	1.27785	0	NA	NA
patient16.gd	"(110, 263, 16)-(111, 262, 16)"	1.67332	3.541751	0.820814	2	0	#ff7e7ffffffffffffe81	26	"(111, 261, 17)-(111, 262, 16)"	1.017398	0.966092	2	NA	NA
patient16.gd	"(110, 263, 16)-(114, 273, 21)"	18.847613	688.870565	3.410874	570	181	#00d4ff	1	"(110, 263, 16)-(111, 262, 16)"	4.155479	11.263603	0	NA	NA
patient16.gd	"(102, 267, 20)-(110, 263, 16)"	15.9014	765.018212	3.913301	618	186	#0081ff	25	"(110, 263, 16)-(111, 262, 16)"	4.767588	9.502904	2	NA	5.283142829
patient16.gd	"(96, 261, 20)-(102, 267, 20)"	10.888516	435.63537	3.568636	338	92	#28ff7fffffffffffffd8	1	"(102, 267, 20)-(110, 263, 16)"	0.911925	0.684752	0	NA	NA
patient16.gd	"(93, 270, 23)-(102, 267, 20)"	15.470027	876.583367	4.24694	640	145	#94ff7fffffffffffff6c	24	"(102, 267, 20)-(110, 263, 16)"	1.085258	0.972872	2	1.242996885	0.549250954
patient16.gd	"(92, 271, 24)-(93, 270, 23)"	2.097618	3.541751	0.733113	2	0	#2dff7fffffffffffffd3	2	"(93, 270, 23)-(102, 267, 20)"	0.172621	0.135592	2	NA	NA
patient16.gd	"(92, 271, 24)-(92, 276, 19)"	10.122522	253.235195	2.821907	192	49	#0031ff	1	"(92, 271, 24)-(93, 270, 23)"	3.849212	4.825723	0	NA	NA
patient16.gd	"(92, 271, 24)-(92, 274, 27)"	5.196152	141.670039	2.945935	109	29	#76ff7fffffffffffff8a	1	"(92, 271, 24)-(93, 270, 23)"	4.018391	2.477168	0	NA	NA
patient16.gd	"(88, 269, 23)-(93, 270, 23)"	7.386392	345.32072	3.857627	262	67	#9eff7fffffffffffff62	22	"(93, 270, 23)-(102, 267, 20)"	0.908331	0.477465	2	NA	NA
patient16.gd	"(76, 261, 24)-(88, 269, 23)"	19.52393	554.284028	3.006129	410	97	#ff717ffffffffffffe74	4	"(88, 269, 23)-(93, 270, 23)"	0.779269	2.64323	2	1.229856377	1.372215019
patient16.gd	"(73, 255, 28)-(76, 261, 24)"	11.247007	148.753541	2.051825	84	0	#ff00e8	3	"(76, 261, 24)-(88, 269, 23)"	0.682547	0.576063	2	1.506862341	NA
patient16.gd	"(72, 254, 30)-(73, 255, 28)"	3.362529	23.021381	1.476243	13	0	#00feff	2	"(73, 255, 28)-(76, 261, 24)"	0.719478	0.298971	2	3.0458605	NA
patient16.gd	"(69, 249, 30)-(72, 254, 30)"	11.581627	42.501012	1.080786	32	8	#19ff7fffffffffffffe7	1	"(72, 254, 30)-(73, 255, 28)"	0.73212	3.444321	0	NA	NA
patient16.gd	"(67, 251, 38)-(72, 254, 30)"	13.551688	67.293269	1.257228	38	0	#8900ff	1	"(72, 254, 30)-(73, 255, 28)"	0.851641	4.030207	0	NA	NA
patient16.gd	"(69, 243, 27)-(73, 255, 28)"	17.688051	67.293269	1.100451	38	0	#ff0076	1	"(73, 255, 28)-(76, 261, 24)"	0.536328	1.57269	0	NA	NA
patient16.gd	"(69, 259, 20)-(76, 261, 24)"	12.306655	70.83502	1.353565	42	2	#0076ff	1	"(76, 261, 24)-(88, 269, 23)"	0.450268	0.630337	0	NA	NA
patient16.gd	"(74, 273, 23)-(88, 269, 23)"	20.485856	972.210644	3.886675	645	96	#f700ff	18	"(88, 269, 23)-(93, 270, 23)"	1.00753	2.773459	3	1.416200092	0.978854181
patient16.gd	"(72, 275, 21)-(74, 273, 23)"	4.195235	24.792257	1.371529	16	2	#0003ff	3	"(74, 273, 23)-(88, 269, 23)"	0.35288	0.204787	2	NA	NA
patient16.gd	"(72, 273, 19)-(72, 275, 21)"	5.137422	65.522393	2.014871	59	22	#00fff5	2	"(72, 275, 21)-(74, 273, 23)"	1.46907	1.224585	2	1.445923608	NA
patient16.gd	"(72, 273, 19)-(74, 270, 17)"	5.378451	28.334008	1.294942	29	13	#ff0010	1	"(72, 273, 19)-(72, 275, 21)"	0.642692	1.046916	0	NA	NA
patient16.gd	"(70, 272, 16)-(72, 273, 19)"	5.09458	23.021381	1.199324	14	1	#2900ff	1	"(72, 273, 19)-(72, 275, 21)"	0.595236	0.991661	0	NA	NA
patient16.gd	"(69, 279, 18)-(72, 275, 21)"	8.418255	38.959261	1.213722	23	1	#ffc67ffffffffffffec9	1	"(72, 275, 21)-(74, 273, 23)"	0.884941	2.006623	0	NA	NA
patient16.gd	"(71, 276, 24)-(74, 273, 23)"	5.444258	51.355389	1.732801	39	10	#4cff7fffffffffffffb4	12	"(74, 273, 23)-(88, 269, 23)"	0.445831	0.265757	2	NA	NA
patient16.gd	"(69, 277, 24)-(71, 276, 24)"	2.856536	53.126265	2.433099	34	4	#00ff97	10	"(71, 276, 24)-(74, 273, 23)"	1.404142	0.524688	2	0.95938135	NA
patient16.gd	"(68, 278, 24)-(69, 277, 24)"	1.67332	3.541751	0.820814	2	0	#69ff7fffffffffffff97	9	"(69, 277, 24)-(71, 276, 24)"	0.337353	0.585786	2	NA	NA
patient16.gd	"(66, 284, 26)-(68, 278, 24)"	9.908307	228.442938	2.709032	136	7	#7dff7fffffffffffff83	8	"(68, 278, 24)-(69, 277, 24)"	3.300423	5.921346	2	1.173178178	NA
patient16.gd	"(66, 284, 26)-(71, 304, 23)"	29.46561	116.877782	1.123656	86	20	#00ff35	1	"(66, 284, 26)-(68, 278, 24)"	0.414781	2.973829	0	NA	NA
patient16.gd	"(64, 289, 27)-(66, 284, 26)"	9.273926	100.939903	1.861336	62	5	#00ff46	7	"(66, 284, 26)-(68, 278, 24)"	0.687085	0.935975	2	3.214496965	NA
patient16.gd	"(63, 290, 29)-(64, 289, 27)"	3.464102	23.021381	1.454439	13	0	#ff0066	5	"(64, 289, 27)-(66, 284, 26)"	0.781395	0.373531	2	NA	NA
patient16.gd	"(63, 290, 29)-(65, 288, 31)"	4.195235	12.396128	0.969817	8	1	#b700ff	1	"(63, 290, 29)-(64, 289, 27)"	0.666798	1.21106	0	NA	NA
patient16.gd	"(62, 296, 30)-(63, 290, 29)"	10.947246	129.273911	1.938778	74	1	#ff001b	4	"(63, 290, 29)-(64, 289, 27)"	1.333008	3.160198	2	1.722038371	NA
patient16.gd	"(62, 296, 30)-(67, 309, 33)"	19.229758	168.233172	1.66876	96	1	#ff00e7	2	"(62, 296, 30)-(63, 290, 29)"	0.860728	1.756584	2	1.731242304	1.400767787
patient16.gd	"(67, 309, 33)-(71, 317, 32)"	12.948111	67.293269	1.286198	38	0	#00bdff	1	"(62, 296, 30)-(67, 309, 33)"	0.77075	0.673337	0	NA	NA
patient16.gd	"(65, 317, 33)-(67, 309, 33)"	10.445936	28.334008	0.929192	16	0	#ffe07ffffffffffffee3	1	"(62, 296, 30)-(67, 309, 33)"	0.556816	0.543217	0	NA	NA
patient16.gd	"(61, 297, 30)-(62, 296, 30)"	1.67332	3.541751	0.820814	2	0	#0073ff	2	"(62, 296, 30)-(63, 290, 29)"	0.423367	0.152853	2	NA	NA
patient16.gd	"(58, 296, 29)-(61, 297, 30)"	4.46405	17.708755	1.123711	11	1	#b4ff7fffffffffffff4c	1	"(61, 297, 30)-(62, 296, 30)"	1.369021	2.66778	0	NA	NA
patient16.gd	"(52, 313, 27)-(61, 297, 30)"	25.595493	99.169027	1.110533	56	0	#ed00ff	1	"(61, 297, 30)-(62, 296, 30)"	1.352966	15.296233	0	NA	NA
patient16.gd	"(60, 295, 23)-(64, 289, 27)"	11.597516	86.772899	1.543244	55	6	#00e9ff	2	"(64, 289, 27)-(66, 284, 26)"	0.829106	1.250551	2	1.169139065	NA
patient16.gd	"(60, 295, 23)-(60, 296, 24)"	1.732051	3.541751	0.806777	2	0	#ad00ff	1	"(60, 295, 23)-(64, 289, 27)"	0.52278	0.149347	0	NA	NA
patient16.gd	"(54, 303, 18)-(60, 295, 23)"	14.652378	37.188385	0.898824	21	0	#ff607ffffffffffffe63	1	"(60, 295, 23)-(64, 289, 27)"	0.582425	1.263407	0	NA	NA
patient16.gd	"(56, 278, 20)-(68, 278, 24)"	17.249602	69.064144	1.128917	43	4	#ff0068	1	"(68, 278, 24)-(69, 277, 24)"	1.375363	10.308609	0	NA	NA
patient16.gd	"(67, 275, 25)-(69, 277, 24)"	3.770938	28.334008	1.546516	18	2	#00c8ff	1	"(69, 277, 24)-(71, 276, 24)"	0.635616	1.320109	0	NA	NA
patient16.gd	"(69, 276, 30)-(71, 276, 24)"	12.672221	191.254553	2.191818	158	50	#00ffb3	2	"(71, 276, 24)-(74, 273, 23)"	1.264899	2.327631	2	1.61530871	NA
patient16.gd	"(69, 276, 30)-(75, 277, 35)"	10.940171	88.543774	1.605063	50	0	#00a5ff	1	"(69, 276, 30)-(71, 276, 24)"	0.732297	0.863319	0	NA	NA
patient16.gd	"(57, 281, 37)-(69, 276, 30)"	20.723941	99.169027	1.234175	57	1	#ff157ffffffffffffe18	1	"(69, 276, 30)-(71, 276, 24)"	0.563083	1.635383	0	NA	NA
patient16.gd	"(69, 267, 23)-(74, 273, 23)"	10.398412	161.14967	2.221039	132	41	#a200ff	3	"(74, 273, 23)-(88, 269, 23)"	0.57145	0.50759	3	1.876894521	NA
patient16.gd	"(68, 268, 22)-(69, 267, 23)"	2.097618	3.541751	0.733113	2	0	#d0ff7fffffffffffff30	1	"(69, 267, 23)-(74, 273, 23)"	0.330077	0.201725	0	NA	NA
patient16.gd	"(65, 260, 20)-(69, 267, 23)"	14.169349	56.668016	1.128286	43	11	#0086ff	1	"(69, 267, 23)-(74, 273, 23)"	0.507999	1.362646	0	NA	NA
patient16.gd	"(61, 252, 34)-(69, 267, 23)"	28.632352	255.006071	1.683728	155	11	#3b00ff	1	"(69, 267, 23)-(74, 273, 23)"	0.758081	2.753531	0	NA	NA
patient16.gd	"(107, 254, 13)-(111, 261, 17)"	13.893459	727.829826	4.083521	588	177	#00a1ff	1	"(111, 261, 17)-(115, 259, 24)"	0.999285	1.121494	0	NA	NA
patient16.gd	"(114, 257, 36)-(114, 258, 37)"	1.732051	3.541751	0.806777	2	0	#acff7fffffffffffff54	6	"(109, 246, 28)-(114, 257, 36)"	0.149763	0.082413	2	NA	NA
patient16.gd	"(113, 261, 37)-(114, 258, 37)"	4.039752	85.002024	2.587989	84	36	#5600ff	5	"(114, 257, 36)-(114, 258, 37)"	3.20781	2.332352	2	NA	NA
patient16.gd	"(113, 261, 37)-(114, 268, 38)"	10.301659	444.489748	3.705974	332	81	#00fff5	4	"(113, 261, 37)-(114, 258, 37)"	1.43199	2.550072	2	2.775694025	NA
patient16.gd	"(114, 268, 38)-(114, 270, 38)"	3.34664	61.980642	2.428	71	36	#ff006e	3	"(113, 261, 37)-(114, 268, 38)"	0.655158	0.324864	2	NA	NA
patient16.gd	"(114, 270, 38)-(114, 287, 35)"	22.741384	1924.941657	5.190694	1168	81	#4400ff	2	"(114, 268, 38)-(114, 270, 38)"	2.137848	6.795288	2	1.968785311	NA
patient16.gd	"(109, 289, 35)-(114, 287, 35)"	8.96709	224.901187	2.825499	159	32	#ff00f9	1	"(114, 270, 38)-(114, 287, 35)"	0.544339	0.394307	0	NA	NA
patient16.gd	"(108, 317, 24)-(114, 287, 35)"	51.274557	3012.259208	4.324344	1828	127	#08ff7ffffffffffffff8	1	"(114, 270, 38)-(114, 287, 35)"	0.833096	2.254681	0	NA	NA
patient16.gd	"(113, 273, 42)-(114, 270, 38)"	6.82663	175.316673	2.859127	128	29	#ffb47ffffffffffffeb7	1	"(114, 268, 38)-(114, 270, 38)"	1.177565	2.039846	0	NA	NA
patient16.gd	"(108, 269, 39)-(114, 268, 38)"	10.822709	357.716849	3.243596	259	57	#fd00ff	1	"(113, 261, 37)-(114, 268, 38)"	0.875234	1.050579	0	NA	NA
patient16.gd	"(109, 262, 41)-(113, 261, 37)"	7.29377	253.235195	3.324383	203	60	#00ffeb	1	"(113, 261, 37)-(114, 258, 37)"	1.284543	1.805499	0	NA	NA
patient16.gd	"(111, 254, 41)-(114, 258, 37)"	8.024904	253.235195	3.169328	191	48	#007aff	1	"(114, 257, 36)-(114, 258, 37)"	3.928379	4.63318	0	NA	NA
