 name	 vol(cu.um)	 len(um)	 <r>_vl(um)	 <r>_obs(um)	 par	 num_child	 children...		
67.001	29170.9	86.8549	10.3396	14.0602	nan	2	54.001	66.001	
54.001	3075.48	42.8669	4.77882	4.48445	67	2	47.001	55.001	
47.001	332.573	7.37651	3.78829	3.06956	54	2	36.001	46.001	
36.001	1017.48	15.9496	4.50621	3.69741	47	2	35.001	24.001	
35.001	172.872	2.59661	4.60345	4.07257	36	2	44.001	45.001	
44.001	138.298	0.5	9.38312	5.82798	35	2	52.001	53.001	
52.001	65.856	0.5	6.47497	2.408	44	2	62.001	63.001	
62.001	378.672	13.5232	2.9855	2.40293	52	2	72.001	73.001	
72.001	65.856	13.9329	1.2266	0.965333	62	0			
73.001	171.226	12.7073	2.07101	1.49806	62	2	88.001	89.001	
88.001	36.2208	8.65035	1.15448	0.789091	73	0			
89.001	46.0992	10.3467	1.19089	0.741421	73	0			
63.001	525.202	8.95025	4.32186	3.04875	52	2	74.001	75.001	
74.001	421.478	30.3701	2.10179	1.79647	63	0			
75.001	732.648	48.3345	2.19656	1.95587	63	0			
53.001	386.904	2.59661	6.88689	4.64673	44	2	64.001	65.001	
64.001	474.163	9.76974	3.9305	3.15118	53	2	76.001	77.001	
76.001	184.397	23.2603	1.58853	1.2922	64	0			
77.001	177.811	29.0927	1.3948	1.04767	64	0			
65.001	1341.82	13.56	5.61231	4.297	53	2	78.001	79.001	
78.001	709.598	9.15722	4.96649	7.53134	65	2	90.001	91.001	
90.001	418.186	34.8808	1.95351	3.51221	78	0			
91.001	316.109	52.1604	1.38891	1.7638	78	0			
79.001	357.269	4.57651	4.98489	3.38501	65	2	92.001	93.001	
92.001	597.643	36.0774	2.2963	2.38146	79	0			
93.001	651.974	8.98348	4.80638	3.39861	79	2	103.001	104.001	
103.001	783.686	50.1365	2.23059	2.15478	93	2	108.001	109.001	
108.001	39.5136	0.5	5.01549	2.39753	103	2	114.001	115.001	
114.001	250.253	17.1094	2.15773	1.58519	108	2	120.001	121.001	
120.001	177.811	7.17313	2.80899	2.03085	114	3	116.001	122.001	123.001
116.001	194.275	12.5329	2.2213	1.74722	120	2	111.001	117.001	
111.001	42.8064	0.5	5.22029	2.02956	116	1	110.001		
110.001	276.595	31.878	1.66189	1.5825	111	0			
117.001	115.248	4.57651	2.83123	1.95571	116	2	124.001	125.001	
124.001	10813	180.237	4.36995	7.83615	117	0			
125.001	948.326	45.8002	2.56726	3.70905	117	0			
122.001	121.834	17.483	1.48936	1.70026	120	0			
123.001	148.176	33.7658	1.18189	0.877559	120	0			
121.001	1761.65	93.1429	2.45363	3.28881	114	0			
115.001	85.6128	21.8199	1.11755	0.806414	108	0			
109.001	19.7568	1.4	2.11943	1.02998	103	0			
104.001	444.528	12.5335	3.35999	2.44661	93	0			
45.001	711.245	53.5799	2.05558	2.79914	35	0			
24.001	34162.8	31.6342	18.5406	27.5344	36	2	17.001	25.001	
17.001	12486.3	43.997	9.50452	12.0043	24	2	15.001	12.001	
15.001	154.762	0.5	9.92594	4.30956	17	2	16.001	10.001	
16.001	5385.37	174.293	3.13613	2.62112	15	2	22.001	23.001	
22.001	26.3424	0.5	4.09513	1.44246	16	2	31.001	32.001	
31.001	291.413	48.27	1.38625	1.97176	22	0			
32.001	268.363	41.523	1.43431	1.17665	22	2	41.001	42.001	
41.001	181.104	54.6357	1.02719	0.889662	32	0			
42.001	59.2704	20.076	0.969405	0.466667	32	0			
23.001	1504.81	95.8342	2.23566	1.80857	16	2	33.001	34.001	
33.001	291.413	18.9234	2.21401	2.31863	23	2	40.001	43.001	
40.001	77.3808	14.3433	1.31044	1.05002	33	2	39.001	29.001	
39.001	651.974	114.694	1.34515	1.68047	40	0			
29.001	154.762	18.5136	1.63121	1.93122	40	2	30.001	21.001	
30.001	365.501	59.852	1.39422	1.69951	29	0			
21.001	1814.33	129.718	2.11	1.56686	29	2	14.001	20.001	
14.001	444.528	23.1234	2.47371	1.80556	21	2	13.001	9.001	
13.001	46.0992	0.5	5.41735	1.93123	14	2	18.001	19.001	
18.001	62.5632	7.78984	1.5989	1.47825	13	0			
19.001	160.798	14.3433	1.88904	1.36975	13	2	26.001	27.001	
26.001	147.627	45.6854	1.01419	0.766234	19	0			
27.001	24.1472	2.59661	1.7205	1.28628	19	1	28.001		
28.001	309.523	67.5556	1.20765	1.20881	27	0			
9.001	2818.64	111.352	2.83854	2.08189	14	1	6.001		
6.001	892.349	23.2929	3.49205	2.54459	9	2	5.001	4.001	
5.001	1745.18	227.24	1.56352	1.22966	6	2	7.001	8.001	
7.001	1511.4	238.381	1.42062	1.1165	5	1	11.001		
11.001	1891.71	144.932	2.03831	1.58643	7	0			
8.001	365.501	71.7815	1.2731	2.21657	5	0			
4.001	783.686	32.2728	2.78021	2.03829	6	2	3.001	2.001	
3.001	72.4416	14.7162	1.25176	1.09849	4	0			
2.001	765.027	59.9027	2.01623	1.58627	4	2	0.001	1.001	
0.001	80.1248	16.9031	1.22836	0.896796	2	0			
1.001	10.976	1.4	1.57973	0.7	2	0			
20.001	6.5856	0	inf	0.7	21	0			
43.001	518.616	69.918	1.53657	2.7655	33	0			
34.001	225.557	7.3801	3.11905	3.07747	23	0			
10.001	4845.36	53.7856	5.35494	5.29832	15	0			
12.001	6926.4	56.287	6.25857	9.26923	17	0			
25.001	3770.26	24.1094	7.05532	6.0233	24	2	37.001	38.001	
37.001	1183.76	22.8428	4.06147	3.74485	25	2	48.001	49.001	
48.001	245.314	12.16	2.53407	1.9954	37	2	56.001	57.001	
56.001	105.37	14.5496	1.5183	1.28326	48	0			
57.001	184.397	27.5737	1.459	1.29672	48	0			
49.001	227.203	29.1475	1.57519	1.47585	37	0			
38.001	2245.69	27.4193	5.10589	4.24872	25	2	50.001	51.001	
50.001	158.054	4.37374	3.39158	2.36561	38	2	58.001	59.001	
58.001	148.176	1.9799	4.88082	2.91279	50	2	68.001	69.001	
68.001	317.755	14.96	2.60019	2.42346	58	2	82.001	83.001	
82.001	9.8784	2.59661	1.10044	0.466667	68	0			
83.001	36.2208	9.56338	1.09799	0.636364	68	0			
69.001	340.805	16.2899	2.58058	2.3084	58	2	84.001	85.001	
84.001	154.762	33.84	1.20654	0.859642	69	0			
85.001	135.005	8.19661	2.28972	1.77894	69	2	96.001	97.001	
96.001	55.9776	13.9335	1.13084	0.658824	85	0			
97.001	19.7568	7.17313	0.93633	0.466667	85	0			
59.001	164.64	2.59661	4.49251	2.85086	50	2	70.001	71.001	
70.001	271.656	21.8	1.99162	1.87312	59	0			
71.001	74.088	0.5	6.86774	2.81178	59	2	86.001	87.001	
86.001	704.659	11.3731	4.44094	3.10402	71	3	98.001	99.001	100.001
98.001	214.032	4.37374	3.94673	2.44556	86	2	106.001	107.001	
106.001	194.275	23.1305	1.63509	1.65984	98	0			
107.001	655.267	21.1102	3.14331	3.61469	98	2	112.001	113.001	
112.001	148.176	31.9517	1.21497	2.17687	107	0			
113.001	187.69	6.79661	2.96482	1.83382	107	2	118.001	119.001	
118.001	474.163	41.0559	1.91735	2.61767	113	0			
119.001	111.955	21.5206	1.28683	0.979608	113	0			
99.001	312.816	33.3994	1.72663	1.59014	86	0			
100.001	204.154	19.7363	1.81456	1.59019	86	2	94.001	105.001	
94.001	260.131	9.76677	2.91169	2.18102	100	2	81.001	95.001	
81.001	3340.55	26.8394	6.2943	7.12831	94	1	80.001		
80.001	1563.53	134.075	1.92665	2.30304	81	0			
95.001	902.227	34.2527	2.89558	2.19139	94	0			
105.001	549.898	45.3518	1.96458	2.46223	100	0			
87.001	393.49	12.1075	3.21636	2.39368	71	2	101.001	102.001	
101.001	238.728	34.0173	1.49461	1.98016	87	0			
102.001	187.69	30.8812	1.39091	1.19233	87	0			
51.001	1536.09	84.8308	2.4008	2.37057	38	2	60.001	61.001	
60.001	75.7344	20.283	1.0902	0.681739	51	0			
61.001	105.37	23.2567	1.2009	0.884994	51	0			
46.001	138.298	10.1433	2.08326	1.98522	47	0			
55.001	279.888	27.0868	1.81359	1.58369	54	0			
66.001	1623.35	15.0927	5.85123	5.16848	67	0			
47.02	1541.03	28.199	4.17075	6.87102	N/A	2	41.02	46.02	
41.02	1302.3	25.0593	4.06721	3.89831	47	2	40.02	36.02	
40.02	1185.41	43.1365	2.95758	6.14571	41	0			
36.02	10604.5	85.0175	6.30108	10.1062	41	2	33.02	37.02	
33.02	5540.68	97.0113	4.26379	6.91426	36	2	32.02	22.02	
32.02	41.16	7.78984	1.29688	1.19389	33	0			
22.02	877.531	52.5557	2.3054	2.32615	33	3	21.02	23.02	16.02
21.02	128.419	13.3566	1.74941	2.8854	22	2	30.02	31.02	
30.02	52.6848	9.61651	1.32056	0.982487	21	0			
31.02	237.082	63.5661	1.08958	0.848607	21	0			
23.02	253.546	25.1104	1.79278	1.65102	22	0			
16.02	536.726	14.5942	3.42145	2.44118	22	2	15.02	12.02	
15.02	289.766	22.5102	2.02423	1.91894	16	0			
12.02	2479.48	38.7562	4.51268	4.56124	16	2	11.02	7.02	
11.02	665.146	23.7395	2.9864	3.3761	12	0			
7.02	349.037	3.3799	5.73335	5.38589	12	2	3.02	8.02	
3.02	2494.3	24.8191	5.65596	5.85086	7	2	1.02	4.02	
1.02	515.323	22.8796	2.67757	3.37921	3	2	0.02	2.02	
0.02	128.419	37.1371	1.04915	0.806085	1	0			
2.02	323.792	56.4233	1.35154	2.53604	1	2	5.02	6.02	
5.02	20.8544	12.3664	0.732661	0.2	2	0			
6.02	4.3904	2.18687	0.799403	0	2	0			
4.02	2693.51	45.2125	4.35467	6.24037	3	2	9.02	10.02	
9.02	135.005	7.17313	2.44763	3.20592	4	0			
10.02	1010.89	58.0023	2.35534	3.03091	4	0			
8.02	1322.06	24.8191	4.11773	5.07325	7	2	13.02	14.02	
13.02	866.006	19.6995	3.74074	3.93322	8	2	17.02	18.02	
17.02	30362.9	12.3302	27.9971	99.8502	13	2	24.02	25.02	
24.02	32.928	1.68	2.49777	1.31467	17	0			
25.02	1550.91	14.8864	5.75869	15.2251	17	2	34.02	35.02	
34.02	92.1984	9.36	1.77072	2.34298	25	0			
35.02	233.789	12.5697	2.43318	4.2632	25	2	38.02	39.02	
38.02	121.834	14.1363	1.65631	1.61593	35	0			
39.02	184.397	12.7031	2.14955	4.5905	35	2	44.02	45.02	
44.02	128.419	14.9232	1.65504	2.74654	39	0			
45.02	375.379	36.229	1.81607	2.44789	39	0			
18.02	353.976	7.9196	3.7719	9.24874	13	2	26.02	27.02	
26.02	233.789	28.4832	1.61638	1.66689	18	0			
27.02	202.507	39.8123	1.27244	1.53184	18	0			
14.02	1420.84	41.9357	3.28402	5.14165	8	2	19.02	20.02	
19.02	62.5632	5.19323	1.95824	1.50657	14	2	28.02	29.02	
28.02	302.938	42.8535	1.50006	2.61853	19	0			
29.02	75.7344	16.007	1.22721	1.59175	19	0			
20.02	102.077	22.5869	1.19939	1.19384	14	0			
37.02	431.906	5.9397	4.81102	5.16099	36	2	42.02	43.02	
42.02	3752.15	44.075	5.20558	9.1148	37	1	48.02		
48.02	16.464	4.57651	1.0701	0.56	42	0			
43.02	1116.81	53.3825	2.58057	3.47526	37	0			
46.02	2362.58	80.5291	3.05592	4.5194	47	0			
38.03	665.146	12.9469	4.04391	8.66823	N/A	2	36.03	39.03	
36.03	79.0272	8.95025	1.67647	1.82387	38	2	34.03	37.03	
34.03	643.742	26.1779	2.79778	2.50837	36	2	35.03	32.03	
35.03	212.386	39.8635	1.30227	1.55093	34	0			
32.03	184.397	11.1704	2.29228	2.45122	34	2	33.03	29.03	
33.03	167.933	14.8338	1.89831	2.38997	32	0			
29.03	42.8064	2.59661	2.29074	1.55281	32	3	30.03	31.03	25.03
30.03	543.312	51.3037	1.83601	2.5259	29	0			
31.03	510.384	13.4338	3.47755	4.18032	29	0			
25.03	1343.46	30.6133	3.73751	3.33712	29	2	18.03	23.03	
18.03	3562.81	53.5072	4.60379	4.3248	25	2	17.03	12.03	
17.03	739.234	31.6995	2.72452	3.25572	18	1	24.03		
24.03	623.986	23.2525	2.92265	2.8415	17	2	26.03	28.03	
26.03	70.7952	2.59661	2.94594	1.74555	24	2	21.03	27.03	
21.03	377.026	9.93631	3.47534	2.95508	26	2	15.03	22.03	
15.03	243.667	8.74328	2.97842	3.49292	21	2	10.03	16.03	
10.03	734.294	19.2963	3.48035	3.34063	15	2	9.03	5.03	
9.03	166.286	4.57651	3.40084	2.79893	10	2	13.03	14.03	
13.03	327.634	6.14667	4.11907	2.81467	9	2	19.03	20.03	
19.03	260.131	14.5496	2.38559	2.84669	13	0			
20.03	735.941	35.7932	2.55827	2.38159	13	0			
14.03	90.552	5.97651	2.19609	2.02739	9	0			
5.03	632.218	34.3118	2.42179	2.85958	10	2	3.03	6.03	
3.03	480.749	20.8629	2.7083	4.31604	5	2	4.03	1.03	
4.03	528.494	14.9196	3.35789	2.88053	3	2	7.03	8.03	
7.03	991.133	34.4627	3.02564	3.44037	4	0			
8.03	1881.84	112.285	2.30969	2.30342	4	0			
1.03	1748.48	28.2026	4.44233	4.53938	3	2	0.03	2.03	
0.03	2955.29	112.208	2.89544	3.28345	1	0			
2.03	653.621	26.6324	2.79501	3.5035	1	0			
6.03	671.731	28.0692	2.75999	7.20343	5	1	11.03		
11.03	69.1488	14.8296	1.21829	1.01365	6	0			
16.03	23.0496	1.4	2.28925	2.2	15	0			
22.03	19.7568	2.59661	1.55625	0.98	21	0			
27.03	302.938	13.3162	2.69099	2.58463	26	0			
28.03	5550.01	218.567	2.84302	3.47893	24	0			
12.03	2532.16	85.844	3.06419	3.11725	18	0			
23.03	1211.75	45.9988	2.89573	3.30263	25	0			
37.03	29.6352	3.99661	1.53632	1.05187	36	0			
39.03	128.419	16.9435	1.55324	2.16366	38	0			
26.04	3663.24	10.1765	10.7043	37.1642	N/A	2	21.04	25.04	
21.04	686.549	36.1222	2.45965	2.82665	26	2	17.04	22.04	
17.04	785.882	33.2292	2.74374	3.38778	21	2	10.04	18.04	
10.04	1125.04	29.3588	3.49253	3.74861	17	2	5.04	9.04	
5.04	892.898	26.8062	3.25618	3.04132	10	2	2.04	6.04	
2.04	214.581	6.7598	3.17873	2.76583	5	2	0.04	1.04	
0.04	273.302	19.7429	2.09914	2.05968	2	0			
1.04	123.48	2.59661	3.89063	2.65697	2	2	3.04	4.04	
3.04	283.181	16.1234	2.36444	2.17278	1	0			
4.04	592.704	17.276	3.30463	2.75404	1	2	7.04	8.04	
7.04	339.158	12.6995	2.91563	2.43221	4	2	13.04	14.04	
13.04	223.91	25.4798	1.67249	1.7918	7	0			
14.04	207.446	30.0937	1.48129	1.49631	7	0			
8.04	228.85	6.59323	3.32392	2.30644	4	2	15.04	16.04	
15.04	9.8784	2.59661	1.10044	0.659966	8	2	19.04	20.04	
19.04	3.2928	0	inf	0	15	0			
20.04	4430.46	237.646	2.43604	2.82819	15	0			
16.04	248.606	24.2506	1.80643	1.82887	8	0			
6.04	97.6864	4.16677	2.73176	1.97736	5	2	11.04	12.04	
11.04	396.782	24.8999	2.25218	2.38738	6	0			
12.04	451.114	22.4728	2.52778	2.61615	6	0			
9.04	826.493	47.2394	2.35989	2.71922	10	0			
18.04	361.659	16.6593	2.62873	2.74952	17	2	23.04	24.04	
23.04	419.283	32.578	2.02403	2.24612	18	2	27.04	28.04	
27.04	40.0624	3.99661	1.78627	1.56924	23	0			
28.04	463.187	27.8261	2.30185	2.13544	23	1	29.04		
29.04	261.778	20.2794	2.02705	1.68119	28	2	30.04	31.04	
30.04	49.392	7.3801	1.45956	1.10399	29	0			
31.04	125.126	11.5801	1.85457	1.53869	29	2	32.04	33.04	
32.04	3.2928	0	inf	0	31	0			
33.04	589.411	99.4843	1.37327	1.73626	31	0			
24.04	609.717	39.1624	2.22615	2.28661	18	0			
22.04	3249.99	166.715	2.49103	3.72299	21	0			
25.04	1066.87	57.0581	2.43962	2.64004	26	0			
2.5	2380.69	105.753	2.67688	2.746	N/A	2	0.5	1.5	
0.5	167.933	8.37035	2.52709	2.38475	2	0			
1.5	2405.39	82.5015	3.0464	2.86635	2	2	3.5	4.5	
3.5	1740.24	102.938	2.31975	2.61792	1	0			
4.5	655.267	35.0275	2.44023	2.52998	1	2	5.5	6.5	
5.5	42.8064	5.77374	1.53621	1.68112	4	0			
6.5	194.275	24.8105	1.57876	2.10142	4	0			
0.6	569.654	20.324	2.98694	2.89008	N/A	2	1.6	2.6	
1.6	59.2704	1.4	3.67096	1.91265	0	2	3.6	4.6	
3.6	482.395	20.9763	2.70559	2.54045	1	0			
4.6	647.035	27.7035	2.7266	2.48072	1	0			
2.6	595.997	59.0819	1.79192	2.1821	0	0			
1.7	4.24E-231	0.5	5.20E-116	1.29E-231	N/A	0			
1.8	-6.5856	0.5	nan	2	N/A	0			
