tag	name	len	vol	rad	voxc	defc	col	tips	parent	beta	gamma	nchild	q	s
patient5.gd	"(118, 244, 39)-(120, 254, 47)"	20.112524	2043.590315	5.687072	1320	166	#00ff04	112	NA	NA	NA	2	1.653403917	NA
patient5.gd	"(120, 254, 47)-(122, 256, 46)"	3.770938	28.334008	1.546516	21	5	#ff217ffffffffffffe24	110	"(118, 244, 39)-(120, 254, 47)"	0.271935	0.187492	2	NA	NA
patient5.gd	"(122, 256, 46)-(128, 259, 40)"	13.893459	465.740254	3.266568	347	84	#0091ff	109	"(120, 254, 47)-(122, 256, 46)"	2.112211	3.684351	2	NA	1
patient5.gd	"(128, 259, 40)-(129, 260, 41)"	2.097618	3.541751	0.733113	2	0	#ff0066	78	"(122, 256, 46)-(128, 259, 40)"	0.224429	0.150979	2	NA	NA
patient5.gd	"(129, 260, 41)-(135, 267, 45)"	13.737976	556.054904	3.589406	352	38	#00ff46	68	"(128, 259, 40)-(129, 260, 41)"	4.896115	6.549323	2	0.987848483	NA
patient5.gd	"(135, 267, 45)-(145, 259, 45)"	17.57472	97.398152	1.328178	100	45	#08ff7ffffffffffffff8	1	"(129, 260, 41)-(135, 267, 45)"	0.370027	1.27928	0	NA	NA
patient5.gd	"(135, 267, 45)-(136, 269, 46)"	3.280834	51.355389	2.232163	38	9	#7dff7fffffffffffff83	67	"(129, 260, 41)-(135, 267, 45)"	0.621875	0.238815	2	NA	NA
patient5.gd	"(136, 269, 46)-(139, 274, 42)"	10.756903	322.299339	3.088241	200	18	#ff0068	66	"(135, 267, 45)-(136, 269, 46)"	1.383519	3.27871	2	0.603740003	NA
patient5.gd	"(139, 274, 42)-(145, 273, 36)"	11.473948	56.668016	1.253827	40	8	#32ff7fffffffffffffce	1	"(136, 269, 46)-(139, 274, 42)"	0.406	1.066659	0	NA	NA
patient5.gd	"(138, 275, 43)-(139, 274, 42)"	2.097618	3.541751	0.733113	2	0	#69ff7fffffffffffff97	65	"(136, 269, 46)-(139, 274, 42)"	0.237389	0.195002	2	NA	NA
patient5.gd	"(138, 275, 43)-(139, 277, 41)"	3.829669	24.792257	1.435498	21	7	#00a5ff	2	"(138, 275, 43)-(139, 274, 42)"	1.958085	1.825723	2	NA	NA
patient5.gd	"(139, 277, 41)-(143, 286, 39)"	13.582492	111.565156	1.616961	66	3	#00ff97	1	"(138, 275, 43)-(139, 277, 41)"	1.126412	3.54665	0	NA	NA
patient5.gd	"(139, 277, 41)-(143, 279, 37)"	7.659337	38.959261	1.272433	22	0	#00c8ff	1	"(138, 275, 43)-(139, 277, 41)"	0.886405	2	0	NA	NA
patient5.gd	"(136, 284, 47)-(138, 275, 43)"	14.555625	155.837043	1.846056	95	7	#ff157ffffffffffffe18	63	"(138, 275, 43)-(139, 274, 42)"	2.518106	6.939122	3	2.984290529	NA
patient5.gd	"(136, 284, 47)-(141, 284, 51)"	8.111419	33.646634	1.149073	19	0	#cbff7fffffffffffff35	1	"(136, 284, 47)-(138, 275, 43)"	0.622447	0.55727	0	NA	NA
patient5.gd	"(136, 284, 47)-(138, 295, 49)"	16.922057	104.481654	1.401905	59	0	#ffd57ffffffffffffed8	1	"(136, 284, 47)-(138, 275, 43)"	0.759405	1.162579	0	NA	NA
patient5.gd	"(134, 283, 47)-(136, 284, 47)"	2.856536	14.167004	1.256447	8	0	#00ffb3	61	"(136, 284, 47)-(138, 275, 43)"	0.680611	0.19625	2	NA	NA
patient5.gd	"(134, 283, 47)-(135, 276, 51)"	10.843418	38.959261	1.069418	22	0	#4cff7fffffffffffffb4	1	"(134, 283, 47)-(136, 284, 47)"	0.851144	3.796003	0	NA	NA
patient5.gd	"(124, 290, 40)-(134, 283, 47)"	18.482046	212.505059	1.913087	128	8	#ff0010	60	"(134, 283, 47)-(136, 284, 47)"	1.522616	6.47009	2	NA	NA
patient5.gd	"(124, 290, 40)-(126, 293, 40)"	7.176309	85.002024	1.941731	54	6	#19ff7fffffffffffffe7	6	"(124, 290, 40)-(134, 283, 47)"	1.014973	0.388285	2	4.815608673	NA
patient5.gd	"(126, 293, 40)-(130, 293, 39)"	7.966173	79.689397	1.784434	50	5	#f700ff	5	"(124, 290, 40)-(126, 293, 40)"	0.918991	1.110066	2	1.841805668	NA
patient5.gd	"(130, 293, 39)-(132, 305, 43)"	18.105273	134.586537	1.538237	76	0	#a200ff	2	"(126, 293, 40)-(130, 293, 39)"	0.862031	2.272769	2	1.292044448	6.109982576
patient5.gd	"(132, 305, 43)-(133, 312, 49)"	11.941088	26.563132	0.841478	15	0	#3b00ff	1	"(130, 293, 39)-(132, 305, 43)"	0.54704	0.659536	0	NA	NA
patient5.gd	"(131, 317, 43)-(132, 305, 43)"	17.864243	51.355389	0.95659	29	0	#d0ff7fffffffffffff30	1	"(130, 293, 39)-(132, 305, 43)"	0.621874	0.986687	0	NA	NA
patient5.gd	"(130, 293, 39)-(131, 294, 39)"	1.67332	3.541751	0.820814	2	0	#0086ff	3	"(126, 293, 40)-(130, 293, 39)"	0.459985	0.210053	2	NA	NA
patient5.gd	"(131, 294, 39)-(149, 308, 37)"	29.981072	161.14967	1.308025	93	2	#2900ff	1	"(130, 293, 39)-(131, 294, 39)"	1.593572	17.917118	0	NA	NA
patient5.gd	"(131, 294, 39)-(135, 295, 42)"	6.869472	40.730136	1.373793	24	1	#0003ff	2	"(130, 293, 39)-(131, 294, 39)"	1.673697	4.105295	2	1.317156741	NA
patient5.gd	"(135, 295, 42)-(144, 294, 43)"	12.543554	31.875759	0.899384	18	0	#ffc67ffffffffffffec9	1	"(131, 294, 39)-(135, 295, 42)"	0.654672	1.825985	0	NA	NA
patient5.gd	"(135, 295, 42)-(141, 303, 46)"	14.103543	23.021381	0.72082	13	0	#00fff5	1	"(131, 294, 39)-(135, 295, 42)"	0.524693	2.053075	0	NA	NA
patient5.gd	"(124, 295, 39)-(126, 293, 40)"	3.770938	28.334008	1.546516	16	0	#8900ff	1	"(124, 290, 40)-(126, 293, 40)"	0.796462	0.52547	0	NA	NA
patient5.gd	"(111, 288, 36)-(124, 290, 40)"	22.346575	527.720896	2.741711	346	48	#00feff	54	"(124, 290, 40)-(134, 283, 47)"	1.433135	1.209096	2	NA	1.195352667
patient5.gd	"(111, 288, 36)-(120, 279, 38)"	19.785669	589.701538	3.080107	376	43	#28ff7fffffffffffffd8	4	"(111, 288, 36)-(124, 290, 40)"	1.123425	0.885401	2	7.601560904	NA
patient5.gd	"(120, 279, 38)-(133, 273, 33)"	27.65922	786.268717	3.008088	555	111	#9eff7fffffffffffff62	3	"(111, 288, 36)-(120, 279, 38)"	0.976618	1.397942	2	1.091496491	0.530566121
patient5.gd	"(133, 273, 33)-(138, 270, 32)"	8.783822	97.398152	1.878705	66	11	#ff717ffffffffffffe74	2	"(120, 279, 38)-(133, 273, 33)"	0.624551	0.317573	2	NA	NA
patient5.gd	"(138, 270, 32)-(144, 270, 34)"	8.928099	111.565156	1.994389	69	6	#ff00e8	1	"(133, 273, 33)-(138, 270, 32)"	1.061576	1.016425	0	NA	NA
patient5.gd	"(138, 270, 32)-(139, 269, 31)"	2.097618	3.541751	0.733113	2	0	#0076ff	1	"(133, 273, 33)-(138, 270, 32)"	0.390222	0.238805	0	NA	NA
patient5.gd	"(133, 273, 33)-(134, 276, 30)"	6.292853	33.646634	1.304584	42	23	#ff0076	1	"(120, 279, 38)-(133, 273, 33)"	0.433692	0.227514	0	NA	NA
patient5.gd	"(117, 276, 37)-(120, 279, 38)"	5.444258	100.939903	2.429334	65	8	#94ff7fffffffffffff6c	1	"(111, 288, 36)-(120, 279, 38)"	0.788717	0.275162	0	NA	NA
patient5.gd	"(109, 290, 34)-(111, 288, 36)"	4.195235	46.042763	1.869079	42	16	#0081ff	50	"(111, 288, 36)-(124, 290, 40)"	0.68172	0.187735	2	2.443612147	1.669704694
patient5.gd	"(109, 290, 34)-(111, 292, 34)"	3.34664	33.646634	1.788922	29	10	#cdff7fffffffffffff33	4	"(109, 290, 34)-(111, 288, 36)"	0.957114	0.797724	2	1.577655111	NA
patient5.gd	"(111, 292, 34)-(113, 294, 33)"	3.770938	24.792257	1.446633	23	9	#1fff7fffffffffffffe1	2	"(109, 290, 34)-(111, 292, 34)"	0.808662	1.126783	2	1.107191737	2.526977888
patient5.gd	"(113, 294, 33)-(115, 295, 32)"	3.405371	7.083502	0.813705	4	0	#eb00ff	1	"(111, 292, 34)-(113, 294, 33)"	0.562482	0.903057	0	NA	NA
patient5.gd	"(113, 294, 33)-(114, 293, 32)"	2.097618	3.541751	0.733113	2	0	#00a8ff	1	"(111, 292, 34)-(113, 294, 33)"	0.506772	0.556259	0	NA	NA
patient5.gd	"(111, 292, 34)-(111, 293, 33)"	1.732051	3.541751	0.806777	2	0	#ff001b	2	"(109, 290, 34)-(111, 292, 34)"	0.450985	0.517549	2	NA	NA
patient5.gd	"(111, 293, 33)-(113, 297, 30)"	7.966173	60.209767	1.551078	60	26	#ff004b	1	"(111, 292, 34)-(111, 293, 33)"	1.92256	4.599272	0	NA	NA
patient5.gd	"(106, 298, 34)-(111, 293, 33)"	10.332605	224.901187	2.632183	151	24	#e600ff	1	"(111, 292, 34)-(111, 293, 33)"	3.262588	5.965532	0	NA	NA
patient5.gd	"(108, 289, 33)-(109, 290, 34)"	2.097618	3.541751	0.733113	2	0	#ff7e7ffffffffffffe81	46	"(109, 290, 34)-(111, 288, 36)"	0.392232	0.5	2	NA	NA
patient5.gd	"(107, 285, 34)-(108, 289, 33)"	6.744935	145.21179	2.617804	111	29	#5900ff	34	"(108, 289, 33)-(109, 290, 34)"	3.570806	3.215522	2	NA	NA
patient5.gd	"(107, 285, 34)-(113, 280, 31)"	14.286811	219.588561	2.211884	181	57	#001aff	1	"(107, 285, 34)-(108, 289, 33)"	0.844939	2.118154	0	NA	NA
patient5.gd	"(107, 285, 34)-(108, 280, 29)"	10.597568	380.73823	3.381701	273	58	#9000ff	33	"(107, 285, 34)-(108, 289, 33)"	1.291808	1.571189	2	0.729847921	NA
patient5.gd	"(108, 280, 29)-(113, 285, 25)"	14.921192	180.6293	1.962987	123	21	#00baff	30	"(107, 285, 34)-(108, 280, 29)"	0.580473	1.407983	2	NA	0.561806657
patient5.gd	"(113, 285, 25)-(116, 285, 26)"	4.954154	61.980642	1.995576	44	9	#00adff	2	"(108, 280, 29)-(113, 285, 25)"	1.016602	0.332021	2	NA	NA
patient5.gd	"(116, 285, 26)-(123, 292, 25)"	14.652378	171.774923	1.93175	121	24	#00a1ff	1	"(113, 285, 25)-(116, 285, 26)"	0.968016	2.957594	0	NA	NA
patient5.gd	"(116, 285, 26)-(117, 280, 27)"	7.935227	102.710778	2.029801	69	11	#ffb47ffffffffffffeb7	1	"(113, 285, 25)-(116, 285, 26)"	1.01715	1.601732	0	NA	NA
patient5.gd	"(111, 287, 26)-(113, 285, 25)"	3.770938	28.334008	1.546516	22	6	#0037ff	28	"(108, 280, 29)-(113, 285, 25)"	0.787838	0.252724	2	NA	NA
patient5.gd	"(111, 286, 27)-(111, 287, 26)"	1.732051	3.541751	0.806777	2	0	#ff777ffffffffffffe7a	1	"(111, 287, 26)-(113, 285, 25)"	0.521674	0.459316	0	NA	NA
patient5.gd	"(109, 290, 25)-(111, 287, 26)"	4.954154	72.605895	2.159863	68	27	#ffbe7ffffffffffffec1	27	"(111, 287, 26)-(113, 285, 25)"	1.396599	1.313772	2	2.415887469	NA
patient5.gd	"(109, 290, 25)-(112, 293, 25)"	5.01996	69.064144	2.092672	47	8	#00a8ff	24	"(109, 290, 25)-(111, 287, 26)"	0.968891	1.013283	2	2.499481667	NA
patient5.gd	"(112, 293, 25)-(116, 295, 23)"	7.541875	86.772899	1.913716	65	16	#ffa07ffffffffffffea3	23	"(109, 290, 25)-(112, 293, 25)"	0.914484	1.502378	2	NA	NA
patient5.gd	"(116, 295, 23)-(118, 295, 23)"	2.366432	15.937879	1.464176	10	1	#ff00d5	22	"(112, 293, 25)-(116, 295, 23)"	0.765096	0.313772	2	NA	NA
patient5.gd	"(118, 295, 23)-(121, 289, 21)"	11.216061	159.378794	2.126768	114	24	#ff0010	13	"(116, 295, 23)-(118, 295, 23)"	1.452536	4.739651	2	0.844648737	0.607751454
patient5.gd	"(121, 289, 21)-(122, 289, 20)"	1.732051	3.541751	0.806777	2	0	#fff57ffffffffffffef8	12	"(118, 295, 23)-(121, 289, 21)"	0.379344	0.154426	3	NA	NA
patient5.gd	"(122, 289, 20)-(125, 293, 22)"	7.744883	92.085525	1.94542	60	8	#00a0ff	10	"(121, 289, 21)-(122, 289, 20)"	2.411346	4.47151	2	1.114149119	NA
patient5.gd	"(125, 293, 22)-(127, 294, 26)"	8.842553	44.271887	1.262409	31	6	#ff0011	1	"(122, 289, 20)-(125, 293, 22)"	0.648914	1.141728	0	NA	NA
patient5.gd	"(125, 293, 22)-(126, 294, 22)"	1.67332	3.541751	0.820814	2	0	#ff907ffffffffffffe93	9	"(122, 289, 20)-(125, 293, 22)"	0.421921	0.216055	2	NA	NA
patient5.gd	"(126, 294, 22)-(128, 296, 22)"	3.34664	17.708755	1.29782	13	3	#e0ff7fffffffffffff20	4	"(125, 293, 22)-(126, 294, 22)"	1.581139	2	2	3.781977691	2.437610866
patient5.gd	"(128, 296, 22)-(129, 298, 22)"	2.856536	14.167004	1.256447	8	0	#acff7fffffffffffff54	2	"(126, 294, 22)-(128, 296, 22)"	0.968121	0.853553	2	1.489741177	NA
patient5.gd	"(129, 298, 22)-(131, 303, 24)"	8.725091	19.47963	0.843006	11	0	#007aff	1	"(128, 296, 22)-(129, 298, 22)"	0.670944	3.054431	0	NA	NA
patient5.gd	"(129, 298, 22)-(130, 299, 21)"	2.097618	3.541751	0.733113	2	0	#5600ff	1	"(128, 296, 22)-(129, 298, 22)"	0.583481	0.734322	0	NA	NA
patient5.gd	"(127, 297, 23)-(128, 296, 22)"	2.097618	3.541751	0.733113	2	0	#00ffa3	2	"(126, 294, 22)-(128, 296, 22)"	0.56488	0.626783	2	NA	NA
patient5.gd	"(127, 297, 23)-(127, 300, 19)"	8.024904	19.47963	0.879013	14	3	#7a00ff	1	"(127, 297, 23)-(128, 296, 22)"	1.199015	3.825723	0	NA	NA
patient5.gd	"(125, 301, 26)-(127, 297, 23)"	7.235039	24.792257	1.04439	16	2	#00ceff	1	"(127, 297, 23)-(128, 296, 22)"	1.424596	3.44917	0	NA	NA
patient5.gd	"(126, 294, 22)-(127, 294, 21)"	1.732051	3.541751	0.806777	2	0	#3f00ff	5	"(125, 293, 22)-(126, 294, 22)"	0.9829	1.035098	2	15.16313151	NA
patient5.gd	"(127, 294, 21)-(129, 298, 19)"	14.352617	28.334008	0.792709	19	3	#ff00bd	1	"(126, 294, 22)-(127, 294, 21)"	0.982562	8.286487	0	NA	NA
patient5.gd	"(126, 293, 20)-(127, 294, 21)"	2.097618	3.541751	0.733113	2	0	#ffe37ffffffffffffee6	4	"(126, 294, 22)-(127, 294, 21)"	0.908693	1.21106	2	NA	NA
patient5.gd	"(126, 293, 20)-(129, 286, 17)"	12.005925	31.875759	0.919301	22	4	#6fff7fffffffffffff91	3	"(126, 293, 20)-(127, 294, 21)"	1.253968	5.7236	2	NA	0.433741419
patient5.gd	"(129, 286, 17)-(130, 285, 17)"	1.67332	3.541751	0.820814	2	0	#00f1ff	2	"(126, 293, 20)-(129, 286, 17)"	0.892868	0.139375	2	NA	NA
patient5.gd	"(130, 285, 17)-(132, 284, 19)"	5.502989	12.396128	0.846776	7	0	#00ff44	1	"(129, 286, 17)-(130, 285, 17)"	1.031631	3.288665	0	NA	NA
patient5.gd	"(130, 284, 18)-(130, 285, 17)"	1.732051	3.541751	0.806777	2	0	#fff87ffffffffffffefb	1	"(129, 286, 17)-(130, 285, 17)"	0.9829	1.035098	0	NA	NA
patient5.gd	"(127, 284, 17)-(129, 286, 17)"	3.34664	14.167004	1.160806	8	0	#46ff7fffffffffffffba	1	"(126, 293, 20)-(129, 286, 17)"	1.262705	0.278749	0	NA	NA
patient5.gd	"(124, 295, 18)-(126, 293, 20)"	4.195235	10.625253	0.897876	6	0	#ff004e	1	"(126, 293, 20)-(127, 294, 21)"	1.224745	2	0	NA	NA
patient5.gd	"(122, 289, 20)-(123, 285, 17)"	7.600606	21.250506	0.943378	15	3	#00ff2f	1	"(121, 289, 21)-(122, 289, 20)"	1.169316	4.388212	0	NA	NA
patient5.gd	"(117, 285, 14)-(122, 289, 20)"	12.329619	61.980642	1.264964	45	10	#ff6f7ffffffffffffe72	1	"(121, 289, 21)-(122, 289, 20)"	1.567922	7.118509	0	NA	NA
patient5.gd	"(120, 291, 18)-(121, 289, 21)"	5.927286	21.250506	1.068272	16	4	#00ffeb	1	"(118, 295, 23)-(121, 289, 21)"	0.502298	0.528464	0	NA	NA
patient5.gd	"(118, 295, 23)-(119, 297, 24)"	4.954154	40.730136	1.617701	29	6	#00fff5	9	"(116, 295, 23)-(118, 295, 23)"	1.104854	2.093512	2	3.943482267	2.692376261
patient5.gd	"(119, 297, 24)-(121, 298, 22)"	3.829669	23.021381	1.38328	21	8	#ff00f9	7	"(118, 295, 23)-(119, 297, 24)"	0.85509	0.773022	2	2.974654482	NA
patient5.gd	"(121, 298, 22)-(125, 301, 23)"	7.600606	30.104883	1.122844	20	3	#ffb47ffffffffffffeb7	6	"(119, 297, 24)-(121, 298, 22)"	0.811726	1.984664	2	NA	1.191220235
patient5.gd	"(125, 301, 23)-(125, 303, 22)"	2.915267	14.167004	1.243727	11	3	#ff727ffffffffffffe75	5	"(121, 298, 22)-(125, 301, 23)"	1.107658	0.383557	2	2.326370903	NA
patient5.gd	"(125, 303, 22)-(127, 305, 21)"	3.770938	12.396128	1.022924	7	0	#b2ff7fffffffffffff4e	2	"(125, 301, 23)-(125, 303, 22)"	0.822467	1.293514	2	17.09622732	NA
patient5.gd	"(127, 305, 21)-(130, 308, 17)"	7.659337	24.792257	1.01505	14	0	#2f00ff	1	"(125, 303, 22)-(127, 305, 21)"	0.992303	2.031149	0	NA	NA
patient5.gd	"(127, 302, 19)-(127, 305, 21)"	5.502989	14.167004	0.905242	10	2	#4900ff	1	"(125, 303, 22)-(127, 305, 21)"	0.884955	1.459316	0	NA	NA
patient5.gd	"(125, 303, 22)-(125, 304, 23)"	1.732051	3.541751	0.806777	2	0	#ff0c7ffffffffffffe0f	3	"(125, 301, 23)-(125, 303, 22)"	0.648678	0.594131	2	NA	NA
patient5.gd	"(125, 304, 23)-(125, 310, 24)"	8.503802	47.813638	1.33781	28	1	#00ffbc	1	"(125, 303, 22)-(125, 304, 23)"	1.658214	4.909672	0	NA	NA
patient5.gd	"(121, 306, 21)-(125, 304, 23)"	6.686205	33.646634	1.265628	33	14	#b700ff	2	"(125, 303, 22)-(125, 304, 23)"	1.568745	3.860282	2	NA	4.830744261
patient5.gd	"(121, 306, 21)-(124, 310, 22)"	6.627474	40.730136	1.39865	23	0	#00fff3	1	"(121, 306, 21)-(125, 304, 23)"	1.105103	0.991216	0	NA	NA
patient5.gd	"(119, 306, 23)-(121, 306, 21)"	3.464102	10.625253	0.988097	8	2	#00ff96	1	"(121, 306, 21)-(125, 304, 23)"	0.780716	0.518097	0	NA	NA
patient5.gd	"(123, 304, 25)-(125, 301, 23)"	5.502989	14.167004	0.905242	8	0	#d700ff	1	"(121, 298, 22)-(125, 301, 23)"	0.806205	0.72402	0	NA	NA
patient5.gd	"(119, 298, 20)-(121, 298, 22)"	3.464102	12.396128	1.067266	10	3	#08ff7ffffffffffffff8	1	"(119, 297, 24)-(121, 298, 22)"	0.771547	0.904543	0	NA	NA
patient5.gd	"(119, 297, 24)-(120, 295, 26)"	3.829669	21.250506	1.329013	14	2	#fd00ff	2	"(118, 295, 23)-(119, 297, 24)"	0.821544	0.773022	2	NA	NA
patient5.gd	"(120, 291, 30)-(120, 295, 26)"	8.390471	44.271887	1.295973	28	3	#ff006e	1	"(119, 297, 24)-(120, 295, 26)"	0.97514	2.190913	0	NA	NA
patient5.gd	"(118, 297, 30)-(120, 295, 26)"	8.390471	47.813638	1.346815	43	16	#4400ff	1	"(119, 297, 24)-(120, 295, 26)"	1.013395	2.190913	0	NA	NA
patient5.gd	"(111, 301, 24)-(116, 295, 23)"	10.822709	129.273911	1.949901	97	24	#005fff	1	"(112, 293, 25)-(116, 295, 23)"	1.018908	1.435016	0	NA	NA
patient5.gd	"(112, 293, 25)-(114, 295, 27)"	4.195235	15.937879	1.099669	11	2	#00ff04	1	"(109, 290, 25)-(112, 293, 25)"	0.525486	0.835711	0	NA	NA
patient5.gd	"(108, 291, 24)-(109, 290, 25)"	2.097618	3.541751	0.733113	2	0	#00ffdc	3	"(109, 290, 25)-(111, 287, 26)"	0.339426	0.423406	2	NA	NA
patient5.gd	"(105, 295, 24)-(108, 291, 24)"	9.418203	138.128288	2.16064	103	25	#ff00a9	2	"(108, 291, 24)-(109, 290, 25)"	2.947212	4.489952	2	1.215025139	NA
patient5.gd	"(103, 297, 25)-(105, 295, 24)"	3.770938	14.167004	1.093552	9	1	#4eff7fffffffffffffb2	1	"(105, 295, 24)-(108, 291, 24)"	0.506124	0.400388	0	NA	NA
patient5.gd	"(101, 295, 27)-(105, 295, 24)"	10.574604	60.209767	1.346252	46	12	#31ff7fffffffffffffcf	1	"(105, 295, 24)-(108, 291, 24)"	0.62308	1.122784	0	NA	NA
patient5.gd	"(104, 288, 25)-(108, 291, 24)"	6.627474	49.584514	1.543207	31	3	#5fff7fffffffffffffa1	1	"(108, 291, 24)-(109, 290, 25)"	2.105005	3.159524	0	NA	NA
patient5.gd	"(107, 279, 28)-(108, 280, 29)"	2.097618	3.541751	0.733113	2	0	#ff0054	3	"(107, 285, 34)-(108, 280, 29)"	0.216788	0.197934	3	NA	NA
patient5.gd	"(107, 279, 28)-(109, 276, 27)"	4.954154	67.293269	2.079343	50	12	#ff00c9	1	"(107, 279, 28)-(108, 280, 29)"	2.83632	2.3618	0	NA	NA
patient5.gd	"(104, 284, 24)-(107, 279, 28)"	13.403355	187.712802	2.111374	124	18	#00c2ff	1	"(107, 279, 28)-(108, 280, 29)"	2.880012	6.389799	0	NA	NA
patient5.gd	"(102, 278, 29)-(107, 279, 28)"	6.955019	74.376771	1.844992	57	15	#00ffb7	1	"(107, 279, 28)-(108, 280, 29)"	2.516655	3.315675	0	NA	NA
patient5.gd	"(104, 290, 34)-(108, 289, 33)"	6.627474	177.087549	2.916386	126	26	#07ff7ffffffffffffff9	12	"(108, 289, 33)-(109, 290, 34)"	3.978086	3.159524	2	NA	NA
patient5.gd	"(101, 293, 34)-(104, 290, 34)"	5.01996	81.460273	2.27273	65	19	#8900ff	7	"(104, 290, 34)-(108, 289, 33)"	0.779297	0.757447	2	NA	NA
patient5.gd	"(99, 295, 36)-(101, 293, 34)"	4.195235	37.188385	1.679773	34	13	#ff0e7ffffffffffffe11	1	"(101, 293, 34)-(104, 290, 34)"	0.739099	0.835711	0	NA	NA
patient5.gd	"(95, 291, 35)-(101, 293, 34)"	10.581679	216.04681	2.549304	139	17	#ffeb7ffffffffffffeee	6	"(101, 293, 34)-(104, 290, 34)"	1.121693	2.107921	2	NA	NA
patient5.gd	"(95, 291, 35)-(95, 296, 33)"	13.878402	162.920545	1.933051	124	32	#00a3ff	1	"(95, 291, 35)-(101, 293, 34)"	0.758266	1.31155	0	NA	NA
patient5.gd	"(84, 293, 38)-(95, 291, 35)"	19.182234	403.759612	2.588433	244	16	#22ff7fffffffffffffde	5	"(95, 291, 35)-(101, 293, 34)"	1.015349	1.812778	2	2.001465303	NA
patient5.gd	"(81, 297, 39)-(84, 293, 38)"	6.627474	54.89714	1.623775	31	0	#b700ff	2	"(84, 293, 38)-(95, 291, 35)"	0.62732	0.345501	2	1.721418915	NA
patient5.gd	"(79, 311, 40)-(81, 297, 39)"	20.047407	60.209767	0.977754	34	0	#ff8b7ffffffffffffe8e	1	"(81, 297, 39)-(84, 293, 38)"	0.602148	3.024894	0	NA	NA
patient5.gd	"(62, 313, 51)-(81, 297, 39)"	39.665145	175.316673	1.18613	101	2	#003fff	1	"(81, 297, 39)-(84, 293, 38)"	0.730476	5.984957	0	NA	NA
patient5.gd	"(61, 296, 40)-(84, 293, 38)"	31.742365	405.530487	2.016588	231	2	#ff00cb	3	"(84, 293, 38)-(95, 291, 35)"	0.779077	1.654779	2	1.433816529	0.775498965
patient5.gd	"(56, 294, 42)-(61, 296, 40)"	7.86942	23.021381	0.964982	13	0	#0069ff	1	"(61, 296, 40)-(84, 293, 38)"	0.478522	0.247915	0	NA	NA
patient5.gd	"(49, 305, 40)-(61, 296, 40)"	18.609528	131.044786	1.497157	74	0	#00ff0c	2	"(61, 296, 40)-(84, 293, 38)"	0.742421	0.586268	2	1.212567068	0.684231828
patient5.gd	"(49, 305, 40)-(49, 309, 42)"	6.561667	8.854377	0.655386	5	0	#ff0012	1	"(49, 305, 40)-(61, 296, 40)"	0.437754	0.352597	0	NA	NA
patient5.gd	"(44, 306, 39)-(49, 305, 40)"	6.955019	23.021381	1.026459	13	0	#ff0071	1	"(49, 305, 40)-(61, 296, 40)"	0.685606	0.373734	0	NA	NA
patient5.gd	"(92, 282, 33)-(104, 290, 34)"	20.217042	830.540605	3.616152	559	90	#82ff7fffffffffffff7e	5	"(104, 290, 34)-(108, 289, 33)"	1.239943	3.05049	3	2.070775438	NA
patient5.gd	"(92, 282, 33)-(94, 286, 30)"	7.966173	122.190409	2.209626	86	17	#1c00ff	1	"(92, 282, 33)-(104, 290, 34)"	0.611043	0.394033	0	NA	NA
patient5.gd	"(87, 278, 31)-(92, 282, 33)"	10.515873	196.567179	2.439259	124	13	#0015ff	3	"(92, 282, 33)-(104, 290, 34)"	0.674545	0.520149	2	1.588375502	1.318077766
patient5.gd	"(84, 275, 28)-(87, 278, 31)"	6.292853	37.188385	1.371529	22	1	#ff0013	2	"(87, 278, 31)-(92, 282, 33)"	0.562273	0.598415	2	1.54268912	NA
patient5.gd	"(83, 274, 29)-(84, 275, 28)"	2.097618	3.541751	0.733113	2	0	#fdff7fffffffffffff03	1	"(84, 275, 28)-(87, 278, 31)"	0.534522	0.333333	0	NA	NA
patient5.gd	"(80, 277, 27)-(84, 275, 28)"	9.476934	30.104883	1.005564	31	14	#00a7ff	1	"(84, 275, 28)-(87, 278, 31)"	0.73317	1.505984	0	NA	NA
patient5.gd	"(83, 278, 30)-(87, 278, 31)"	6.13737	60.209767	1.767126	45	11	#8c00ff	1	"(87, 278, 31)-(92, 282, 33)"	0.724452	0.583629	0	NA	NA
patient5.gd	"(63, 283, 46)-(92, 282, 33)"	48.45847	414.384865	1.649841	284	50	#00ffcd	1	"(92, 282, 33)-(104, 290, 34)"	0.456242	2.396912	0	NA	NA
patient5.gd	"(136, 269, 46)-(138, 275, 51)"	10.574604	72.605895	1.478356	58	17	#ff007c	1	"(135, 267, 45)-(136, 269, 46)"	0.662297	3.223145	0	NA	NA
patient5.gd	"(129, 260, 41)-(131, 259, 41)"	2.856536	28.334008	1.776885	21	5	#a7ff7fffffffffffff59	10	"(128, 259, 40)-(129, 260, 41)"	2.423753	1.3618	2	NA	NA
patient5.gd	"(131, 259, 41)-(139, 259, 35)"	14.221004	260.318697	2.413863	186	39	#ff00e7	3	"(129, 260, 41)-(131, 259, 41)"	1.35848	4.978409	2	0.813103232	0.547377571
patient5.gd	"(139, 259, 35)-(142, 260, 34)"	4.588587	14.167004	0.991344	8	0	#ff000d	1	"(131, 259, 41)-(139, 259, 35)"	0.410688	0.322663	0	NA	NA
patient5.gd	"(139, 259, 35)-(141, 259, 37)"	3.464102	12.396128	1.067266	7	0	#7aff7fffffffffffff86	2	"(131, 259, 41)-(139, 259, 35)"	0.44214	0.243591	2	NA	NA
patient5.gd	"(141, 259, 37)-(143, 265, 36)"	8.628339	37.188385	1.171292	21	0	#e0ff7fffffffffffff20	1	"(139, 259, 35)-(141, 259, 37)"	1.097469	2.490787	0	NA	NA
patient5.gd	"(141, 259, 37)-(142, 258, 38)"	2.097618	3.541751	0.733113	2	0	#c8ff7fffffffffffff38	1	"(139, 259, 35)-(141, 259, 37)"	0.686907	0.60553	0	NA	NA
patient5.gd	"(131, 259, 41)-(132, 259, 42)"	1.732051	3.541751	0.806777	2	0	#00e9ff	7	"(129, 260, 41)-(131, 259, 41)"	0.45404	0.606347	2	NA	NA
patient5.gd	"(132, 259, 42)-(140, 249, 48)"	20.914285	120.419533	1.353792	112	44	#f3ff7fffffffffffff0d	1	"(131, 259, 41)-(132, 259, 42)"	1.678024	12.074868	0	NA	NA
patient5.gd	"(132, 259, 42)-(136, 247, 44)"	17.13214	161.14967	1.73035	103	12	#ff407ffffffffffffe43	6	"(131, 259, 41)-(132, 259, 42)"	2.144767	9.891246	2	2.058829829	0.697671826
patient5.gd	"(136, 247, 44)-(137, 243, 47)"	6.869472	28.334008	1.145823	16	0	#00ff03	4	"(132, 259, 42)-(136, 247, 44)"	0.662191	0.40097	2	4.400577375	NA
patient5.gd	"(137, 243, 47)-(139, 244, 46)"	3.405371	12.396128	1.07643	7	0	#00ff57	3	"(136, 247, 44)-(137, 243, 47)"	0.939439	0.495725	2	NA	NA
patient5.gd	"(139, 244, 46)-(143, 252, 42)"	13.247872	85.002024	1.429113	48	0	#8300ff	2	"(137, 243, 47)-(139, 244, 46)"	1.327641	3.890288	2	NA	1.209528461
patient5.gd	"(143, 252, 42)-(148, 249, 44)"	8.234987	28.334008	1.04652	17	1	#00ff1a	1	"(139, 244, 46)-(143, 252, 42)"	0.732286	0.621608	0	NA	NA
patient5.gd	"(143, 252, 42)-(143, 256, 40)"	6.686205	47.813638	1.508729	27	0	#ff00e3	1	"(139, 244, 46)-(143, 252, 42)"	1.05571	0.5047	0	NA	NA
patient5.gd	"(139, 244, 46)-(141, 234, 47)"	14.341411	30.104883	0.817424	17	0	#00ffaa	1	"(137, 243, 47)-(139, 244, 46)"	0.759384	4.211409	0	NA	NA
patient5.gd	"(134, 238, 47)-(137, 243, 47)"	7.386392	15.937879	0.828751	9	0	#6dff7fffffffffffff93	1	"(136, 247, 44)-(137, 243, 47)"	0.723281	1.075249	0	NA	NA
patient5.gd	"(136, 243, 42)-(136, 247, 44)"	5.830534	31.875759	1.319171	18	0	#ff0055	2	"(132, 259, 42)-(136, 247, 44)"	0.762372	0.340327	2	1.288068025	NA
patient5.gd	"(136, 243, 42)-(141, 235, 41)"	12.340546	17.708755	0.675852	10	0	#3e00ff	1	"(136, 243, 42)-(136, 247, 44)"	0.512331	2.116538	0	NA	NA
patient5.gd	"(133, 237, 41)-(136, 243, 42)"	9.118443	21.250506	0.86129	12	0	#0093ff	1	"(136, 243, 42)-(136, 247, 44)"	0.652902	1.563912	0	NA	NA
patient5.gd	"(122, 258, 35)-(128, 259, 40)"	11.795842	440.947997	3.449485	332	83	#b700ff	31	"(122, 256, 46)-(128, 259, 40)"	1.055997	0.849021	2	0.989869749	0.611954405
patient5.gd	"(122, 258, 35)-(124, 256, 34)"	3.770938	17.708755	1.222628	17	7	#00ff98	3	"(122, 258, 35)-(128, 259, 40)"	0.354438	0.319684	2	NA	NA
patient5.gd	"(124, 256, 34)-(128, 260, 27)"	12.38835	178.858424	2.143745	130	29	#005dff	2	"(122, 258, 35)-(124, 256, 34)"	1.75339	3.285217	2	1.128679157	6.863749818
patient5.gd	"(128, 260, 27)-(128, 265, 25)"	7.86942	21.250506	0.927125	13	1	#ffb27ffffffffffffeb5	1	"(124, 256, 34)-(128, 260, 27)"	0.432479	0.635228	0	NA	NA
patient5.gd	"(126, 255, 21)-(128, 260, 27)"	12.306655	74.376771	1.386991	75	33	#ff0066	1	"(124, 256, 34)-(128, 260, 27)"	0.646995	0.993405	0	NA	NA
patient5.gd	"(124, 256, 34)-(127, 254, 24)"	19.04677	386.050857	2.540017	271	53	#8600ff	1	"(122, 258, 35)-(124, 256, 34)"	2.077506	5.050937	0	NA	NA
patient5.gd	"(120, 259, 33)-(122, 258, 35)"	3.829669	58.438891	2.203918	53	20	#ff001b	28	"(122, 258, 35)-(128, 259, 40)"	0.638912	0.324663	2	NA	NA
patient5.gd	"(120, 259, 33)-(124, 265, 28)"	11.430275	269.173074	2.737868	171	19	#2600ff	2	"(120, 259, 33)-(122, 258, 35)"	1.242273	2.984664	2	0.921948689	0.812330555
patient5.gd	"(124, 265, 28)-(125, 268, 25)"	5.561719	35.41751	1.423736	26	6	#00d6ff	1	"(120, 259, 33)-(124, 265, 28)"	0.520016	0.486578	0	NA	NA
patient5.gd	"(122, 267, 30)-(124, 265, 28)"	4.195235	17.708755	1.159153	10	0	#00ff20	1	"(120, 259, 33)-(124, 265, 28)"	0.423378	0.367028	0	NA	NA
patient5.gd	"(118, 257, 27)-(120, 259, 33)"	13.653261	355.945973	2.880706	230	29	#0073ff	26	"(120, 259, 33)-(122, 258, 35)"	1.307084	3.565129	2	NA	NA
patient5.gd	"(118, 257, 27)-(124, 254, 15)"	21.686071	573.763659	2.902025	383	59	#ff000e	1	"(118, 257, 27)-(120, 259, 33)"	1.007401	1.588344	0	NA	NA
patient5.gd	"(117, 258, 27)-(118, 257, 27)"	1.67332	3.541751	0.820814	2	0	#b4ff7fffffffffffff4c	25	"(118, 257, 27)-(120, 259, 33)"	0.284935	0.122558	2	NA	NA
patient5.gd	"(117, 258, 27)-(119, 264, 24)"	11.305738	182.400175	2.266148	119	16	#ff00cd	5	"(117, 258, 27)-(118, 257, 27)"	2.760855	6.75647	2	2.214505512	0.951837133
patient5.gd	"(119, 264, 24)-(120, 267, 27)"	7.110502	60.209767	1.641755	58	24	#ff00b5	1	"(117, 258, 27)-(119, 264, 24)"	0.72447	0.628929	0	NA	NA
patient5.gd	"(119, 264, 24)-(120, 264, 22)"	3.829669	33.646634	1.672304	27	8	#ff00aa	4	"(117, 258, 27)-(119, 264, 24)"	0.73795	0.338737	2	NA	NA
patient5.gd	"(120, 264, 22)-(123, 267, 23)"	5.444258	38.959261	1.50925	32	10	#00ff9f	1	"(119, 264, 24)-(120, 264, 22)"	0.902497	1.4216	0	NA	NA
patient5.gd	"(119, 260, 18)-(120, 264, 22)"	12.220139	269.173074	2.647907	170	18	#ff0029	3	"(119, 264, 24)-(120, 264, 22)"	1.583389	3.190913	2	5.967232765	NA
patient5.gd	"(119, 260, 18)-(119, 262, 14)"	7.659337	81.460273	1.839935	54	8	#0010ff	2	"(119, 260, 18)-(120, 264, 22)"	0.694864	0.62678	2	NA	NA
patient5.gd	"(117, 268, 18)-(119, 262, 14)"	13.372409	217.817685	2.27702	133	10	#00ffbe	1	"(119, 260, 18)-(119, 262, 14)"	1.237555	1.745896	0	NA	NA
patient5.gd	"(115, 266, 7)-(119, 262, 14)"	15.587488	198.338055	2.012519	143	31	#ff007a	1	"(119, 260, 18)-(119, 262, 14)"	1.093799	2.035096	0	NA	NA
patient5.gd	"(114, 260, 9)-(119, 260, 18)"	17.665228	373.654728	2.594781	277	66	#c0ff7fffffffffffff40	1	"(119, 260, 18)-(120, 264, 22)"	0.979936	1.445583	0	NA	NA
patient5.gd	"(116, 258, 26)-(117, 258, 27)"	1.732051	3.541751	0.806777	2	0	#ed00ff	20	"(117, 258, 27)-(118, 257, 27)"	0.9829	1.035098	2	NA	NA
patient5.gd	"(113, 259, 19)-(116, 258, 26)"	12.286777	240.839067	2.497868	175	39	#ff00e7	2	"(116, 258, 26)-(117, 258, 27)"	3.096106	7.093774	2	2.166882212	4.015368636
patient5.gd	"(113, 259, 19)-(113, 266, 19)"	11.333522	99.169027	1.668901	81	25	#00bdff	1	"(113, 259, 19)-(116, 258, 26)"	0.66813	0.922416	0	NA	NA
patient5.gd	"(112, 262, 14)-(113, 259, 19)"	8.924248	106.252529	1.946744	81	21	#ffe07ffffffffffffee3	1	"(113, 259, 19)-(116, 258, 26)"	0.779362	0.726329	0	NA	NA
patient5.gd	"(111, 262, 26)-(116, 258, 26)"	9.418203	205.421557	2.634899	146	30	#00e9ff	18	"(116, 258, 26)-(117, 258, 27)"	3.265956	5.437602	2	NA	1.473226769
patient5.gd	"(110, 265, 23)-(111, 262, 26)"	6.292853	83.231148	2.051843	74	27	#ff006e	1	"(111, 262, 26)-(116, 258, 26)"	0.778718	0.668159	0	NA	NA
patient5.gd	"(109, 262, 29)-(111, 262, 26)"	5.460146	145.21179	2.909537	107	25	#ff607ffffffffffffe63	17	"(111, 262, 26)-(116, 258, 26)"	1.104231	0.579744	2	NA	NA
patient5.gd	"(108, 266, 28)-(109, 262, 29)"	7.476069	207.192432	2.970129	166	49	#ff307ffffffffffffe33	1	"(109, 262, 29)-(111, 262, 26)"	1.020825	1.369207	0	NA	NA
patient5.gd	"(93, 264, 31)-(109, 262, 29)"	28.411062	1023.566033	3.386408	714	136	#ad00ff	16	"(109, 262, 29)-(111, 262, 26)"	1.163899	5.203352	2	4.14445638	0.744898617
patient5.gd	"(90, 266, 32)-(93, 264, 31)"	4.954154	171.774923	3.322157	125	28	#76ff7fffffffffffff8a	14	"(93, 264, 31)-(109, 262, 29)"	0.981027	0.174374	2	0.917414677	NA
patient5.gd	"(88, 265, 32)-(90, 266, 32)"	3.829669	26.563132	1.485881	24	9	#00d4ff	13	"(90, 266, 32)-(93, 264, 31)"	0.447264	0.773022	2	NA	NA
patient5.gd	"(86, 265, 30)-(88, 265, 32)"	3.464102	21.250506	1.39738	14	2	#ff087ffffffffffffe0b	1	"(88, 265, 32)-(90, 266, 32)"	0.940438	0.904543	0	NA	NA
patient5.gd	"(82, 268, 33)-(88, 265, 32)"	8.993906	92.085525	1.805288	57	5	#00d6ff	12	"(88, 265, 32)-(90, 266, 32)"	1.214961	2.348482	2	NA	3.483483292
patient5.gd	"(82, 268, 33)-(83, 271, 31)"	7.659337	37.188385	1.243177	36	15	#ff3f7ffffffffffffe42	1	"(82, 268, 33)-(88, 265, 32)"	0.688631	0.851614	0	NA	NA
patient5.gd	"(78, 267, 33)-(82, 268, 33)"	7.051771	85.002024	1.958802	55	7	#ff8b7ffffffffffffe8e	11	"(82, 268, 33)-(88, 265, 32)"	1.085036	0.784061	2	1.894366628	NA
patient5.gd	"(77, 269, 33)-(78, 267, 33)"	3.829669	19.47963	1.272433	12	1	#8400ff	9	"(78, 267, 33)-(82, 268, 33)"	0.649597	0.543079	2	NA	NA
patient5.gd	"(74, 271, 34)-(77, 269, 33)"	5.078691	56.668016	1.884596	43	11	#ffcb7ffffffffffffece	8	"(77, 269, 33)-(78, 267, 33)"	1.481096	1.326144	2	1.372781018	NA
patient5.gd	"(73, 272, 35)-(74, 271, 34)"	2.097618	3.541751	0.733113	2	0	#e6ff7fffffffffffff1a	7	"(74, 271, 34)-(77, 269, 33)"	0.389003	0.413023	2	NA	NA
patient5.gd	"(68, 273, 43)-(73, 272, 35)"	16.065621	148.753541	1.716761	99	15	#0016ff	2	"(73, 272, 35)-(74, 271, 34)"	2.341742	7.658984	2	1.251484084	1.815163857
patient5.gd	"(68, 273, 43)-(73, 271, 47)"	8.842553	24.792257	0.944701	14	0	#ff987ffffffffffffe9b	1	"(68, 273, 43)-(73, 272, 35)"	0.550281	0.550402	0	NA	NA
patient5.gd	"(61, 276, 49)-(68, 273, 43)"	12.796759	42.501012	1.028193	25	1	#00ff02	1	"(68, 273, 43)-(73, 272, 35)"	0.598914	0.796531	0	NA	NA
patient5.gd	"(67, 275, 35)-(73, 272, 35)"	11.247007	108.023405	1.7485	72	11	#b5ff7fffffffffffff4b	5	"(73, 272, 35)-(74, 271, 34)"	2.385034	5.3618	2	NA	2.472082329
patient5.gd	"(65, 281, 39)-(67, 275, 35)"	10.274843	125.73216	1.973607	82	11	#69ff7fffffffffffff97	4	"(67, 275, 35)-(73, 272, 35)"	1.128743	0.913562	2	3.521289957	NA
patient5.gd	"(65, 281, 39)-(66, 292, 45)"	16.673952	162.920545	1.763574	94	2	#80ff7fffffffffffff80	3	"(65, 281, 39)-(67, 275, 35)"	0.893579	1.622794	2	1.575182957	NA
patient5.gd	"(66, 292, 45)-(71, 299, 47)"	12.55476	69.064144	1.323266	40	1	#4400ff	2	"(65, 281, 39)-(66, 292, 45)"	0.750332	0.752956	2	1.621548031	NA
patient5.gd	"(71, 299, 47)-(74, 311, 48)"	16.217739	46.042763	0.950628	26	0	#ff0089	1	"(66, 292, 45)-(71, 299, 47)"	0.718395	1.29176	0	NA	NA
patient5.gd	"(71, 299, 47)-(73, 298, 47)"	2.856536	5.312626	0.769414	3	0	#ff0074	1	"(66, 292, 45)-(71, 299, 47)"	0.58145	0.227526	0	NA	NA
patient5.gd	"(58, 305, 47)-(66, 292, 45)"	20.275773	54.89714	0.928349	31	0	#ff6d7ffffffffffffe70	1	"(65, 281, 39)-(66, 292, 45)"	0.526402	1.216015	0	NA	NA
patient5.gd	"(52, 293, 37)-(65, 281, 39)"	22.111652	143.440915	1.436981	83	2	#ff00cd	1	"(65, 281, 39)-(67, 275, 35)"	0.728099	2.152018	0	NA	NA
patient5.gd	"(64, 278, 33)-(67, 275, 35)"	5.868555	14.167004	0.876594	10	2	#8aff7fffffffffffff76	1	"(67, 275, 35)-(73, 272, 35)"	0.501341	0.521788	0	NA	NA
patient5.gd	"(72, 271, 30)-(74, 271, 34)"	6.82663	47.813638	1.49313	31	4	#0018ff	1	"(74, 271, 34)-(77, 269, 33)"	0.792282	1.344171	0	NA	NA
patient5.gd	"(74, 269, 30)-(77, 269, 33)"	5.927286	31.875759	1.30836	33	15	#1c00ff	1	"(77, 269, 33)-(78, 267, 33)"	1.028235	1.547728	0	NA	NA
patient5.gd	"(65, 259, 41)-(78, 267, 33)"	23.919228	155.837043	1.440081	103	15	#ffa47ffffffffffffea7	2	"(78, 267, 33)-(82, 268, 33)"	0.735184	3.391946	2	1.065122759	0.523966445
patient5.gd	"(62, 257, 44)-(65, 259, 41)"	5.927286	8.854377	0.689566	5	0	#0051ff	1	"(65, 259, 41)-(78, 267, 33)"	0.478839	0.247804	0	NA	NA
patient5.gd	"(60, 260, 40)-(65, 259, 41)"	6.830482	14.167004	0.812528	8	0	#00ffdd	1	"(65, 259, 41)-(78, 267, 33)"	0.564224	0.285564	0	NA	NA
patient5.gd	"(86, 271, 32)-(90, 266, 32)"	8.849629	74.376771	1.635615	62	20	#2c00ff	1	"(90, 266, 32)-(93, 264, 31)"	0.492335	1.786305	0	NA	NA
patient5.gd	"(81, 256, 32)-(93, 264, 31)"	18.543722	193.025428	1.820262	132	23	#00ff35	2	"(93, 264, 31)-(109, 262, 29)"	0.53752	0.652694	2	2.022709839	NA
patient5.gd	"(79, 257, 32)-(81, 256, 32)"	2.856536	19.47963	1.473315	11	0	#2dff7fffffffffffffd3	1	"(81, 256, 32)-(93, 264, 31)"	0.809397	0.154043	0	NA	NA
patient5.gd	"(72, 244, 38)-(81, 256, 32)"	22.222038	81.460273	1.080205	47	1	#0031ff	1	"(81, 256, 32)-(93, 264, 31)"	0.593434	1.198359	0	NA	NA
patient5.gd	"(122, 256, 46)-(126, 256, 48)"	6.561667	131.044786	2.521319	113	39	#70ff7fffffffffffff90	1	"(120, 254, 47)-(122, 256, 46)"	1.630322	1.740062	0	NA	NA
patient5.gd	"(116, 313, 41)-(120, 254, 47)"	83.248203	7285.381765	5.277932	4420	306	#00ff83	2	"(118, 244, 39)-(120, 254, 47)"	0.928058	4.139123	2	0.958842409	0.295736124
patient5.gd	"(116, 313, 41)-(119, 317, 38)"	7.600606	138.128288	2.405151	98	20	#00ff1f	1	"(116, 313, 41)-(120, 254, 47)"	0.455699	0.091301	0	NA	NA
patient5.gd	"(112, 317, 37)-(116, 313, 41)"	8.390471	194.796304	2.718456	148	38	#ff0090	1	"(116, 313, 41)-(120, 254, 47)"	0.515061	0.100789	0	NA	NA
