tag	name	len	vol	rad	voxc	defc	col	tips	parent	beta	gamma	nchild	q	s
patient3.gd	"(102, 246, 29)-(103, 257, 38)"	19.877146	2319.846891	6.095056	1509	199	#0081ff	54	NA	NA	NA	2	2.151899363	NA
patient3.gd	"(103, 257, 38)-(110, 263, 30)"	16.415375	720.746324	3.738444	573	166	#ff717ffffffffffffe74	52	"(102, 246, 29)-(103, 257, 38)"	0.613357	0.825842	2	NA	NA
patient3.gd	"(110, 263, 30)-(112, 265, 30)"	3.34664	30.104883	1.692151	26	9	#0031ff	31	"(103, 257, 38)-(110, 263, 30)"	0.452635	0.203872	2	NA	NA
patient3.gd	"(112, 265, 30)-(116, 267, 33)"	7.966173	308.132335	3.508883	273	99	#00d4ff	30	"(110, 263, 30)-(112, 265, 30)"	2.073623	2.38035	2	NA	NA
patient3.gd	"(116, 267, 33)-(120, 274, 38)"	12.613491	630.431674	3.988655	397	41	#69ff7fffffffffffff97	22	"(112, 265, 30)-(116, 267, 33)"	1.136731	1.583381	2	1.325878035	NA
patient3.gd	"(120, 274, 38)-(125, 284, 37)"	14.706978	577.30541	3.534811	344	18	#ff0074	19	"(116, 267, 33)-(120, 274, 38)"	0.886216	1.165972	2	0.932494752	0.619960076
patient3.gd	"(125, 284, 37)-(126, 286, 37)"	3.829669	30.104883	1.581841	17	0	#00ff25	4	"(120, 274, 38)-(125, 284, 37)"	0.447504	0.260398	2	NA	NA
patient3.gd	"(126, 286, 37)-(132, 295, 32)"	17.508914	155.837043	1.683181	105	17	#ff0097	1	"(125, 284, 37)-(126, 286, 37)"	1.064064	4.571914	0	NA	NA
patient3.gd	"(125, 292, 37)-(126, 286, 37)"	8.569608	123.961284	2.145792	70	0	#00ffb2	3	"(125, 284, 37)-(126, 286, 37)"	1.356515	2.237689	2	2.045147494	NA
patient3.gd	"(125, 292, 37)-(127, 293, 38)"	3.280834	12.396128	1.09667	7	0	#90ff7fffffffffffff70	1	"(125, 292, 37)-(126, 286, 37)"	0.511079	0.382845	0	NA	NA
patient3.gd	"(123, 301, 36)-(125, 292, 37)"	13.033658	141.670039	1.860077	84	4	#00ffdf	2	"(125, 292, 37)-(126, 286, 37)"	0.866849	1.520916	2	1.473935405	NA
patient3.gd	"(123, 301, 36)-(126, 305, 36)"	6.203176	19.47963	0.999789	12	1	#bbff7fffffffffffff45	1	"(123, 301, 36)-(125, 292, 37)"	0.537499	0.475935	0	NA	NA
patient3.gd	"(117, 317, 34)-(123, 301, 36)"	24.791477	134.586537	1.314543	79	3	#ff0075	1	"(123, 301, 36)-(125, 292, 37)"	0.706714	1.902112	0	NA	NA
patient3.gd	"(122, 287, 39)-(125, 284, 37)"	5.868555	58.438891	1.780371	37	4	#0018ff	15	"(120, 274, 38)-(125, 284, 37)"	0.503668	0.399032	3	NA	NA
patient3.gd	"(122, 287, 39)-(130, 288, 43)"	12.867247	33.646634	0.912332	19	0	#00c4ff	1	"(122, 287, 39)-(125, 284, 37)"	0.51244	2.192575	0	NA	NA
patient3.gd	"(119, 285, 43)-(122, 287, 39)"	7.192197	42.501012	1.371494	24	0	#ff3f7ffffffffffffe42	2	"(122, 287, 39)-(125, 284, 37)"	0.770342	1.225548	2	NA	NA
patient3.gd	"(119, 285, 43)-(123, 278, 49)"	13.037788	81.460273	1.41025	46	0	#ff307ffffffffffffe33	1	"(119, 285, 43)-(122, 287, 39)"	1.028258	1.812768	0	NA	NA
patient3.gd	"(116, 284, 44)-(119, 285, 43)"	4.588587	15.937879	1.05148	12	3	#2c00ff	1	"(119, 285, 43)-(122, 287, 39)"	0.766667	0.637995	0	NA	NA
patient3.gd	"(118, 293, 34)-(122, 287, 39)"	12.372461	141.670039	1.909132	85	5	#ff006e	12	"(122, 287, 39)-(125, 284, 37)"	1.072323	2.108263	2	1.537604384	0.778132991
patient3.gd	"(118, 293, 34)-(118, 295, 34)"	4.195235	12.396128	0.969817	9	2	#ff00cd	1	"(118, 293, 34)-(122, 287, 39)"	0.507989	0.339078	0	NA	NA
patient3.gd	"(118, 293, 30)-(118, 293, 34)"	5.993924	38.959261	1.438384	23	1	#ff00b5	11	"(118, 293, 34)-(122, 287, 39)"	0.753423	0.484457	3	NA	NA
patient3.gd	"(118, 293, 30)-(121, 294, 27)"	6.292853	33.646634	1.304584	24	5	#00ff04	1	"(118, 293, 30)-(118, 293, 34)"	0.906979	1.049872	0	NA	NA
patient3.gd	"(117, 294, 29)-(118, 293, 30)"	2.097618	3.541751	0.733113	2	0	#ff000e	6	"(118, 293, 30)-(118, 293, 34)"	0.509678	0.349957	2	NA	NA
patient3.gd	"(117, 294, 29)-(120, 297, 30)"	5.444258	31.875759	1.365168	20	2	#00ff20	5	"(117, 294, 29)-(118, 293, 30)"	1.862152	2.595448	2	5.315005037	NA
patient3.gd	"(120, 297, 30)-(122, 300, 30)"	5.502989	28.334008	1.280206	17	1	#00d6ff	4	"(117, 294, 29)-(120, 297, 30)"	0.937764	1.010788	2	NA	NA
patient3.gd	"(122, 300, 30)-(126, 305, 31)"	9.149389	53.126265	1.359514	36	6	#0091ff	1	"(120, 297, 30)-(122, 300, 30)"	1.06195	1.662622	0	NA	NA
patient3.gd	"(122, 300, 30)-(122, 305, 29)"	7.320586	31.875759	1.177287	21	3	#00ff98	3	"(120, 297, 30)-(122, 300, 30)"	0.919608	1.330293	2	2.114904148	NA
patient3.gd	"(122, 305, 29)-(123, 305, 28)"	1.732051	3.541751	0.806777	2	0	#ffb27ffffffffffffeb5	1	"(122, 300, 30)-(122, 305, 29)"	0.685285	0.2366	0	NA	NA
patient3.gd	"(122, 305, 29)-(122, 310, 29)"	7.86942	19.47963	0.887655	11	0	#8600ff	2	"(122, 300, 30)-(122, 305, 29)"	0.753983	1.074971	2	NA	NA
patient3.gd	"(122, 310, 29)-(124, 317, 31)"	10.235852	77.918522	1.556623	45	1	#ff0066	1	"(122, 305, 29)-(122, 310, 29)"	1.753636	1.300712	0	NA	NA
patient3.gd	"(122, 310, 29)-(124, 309, 30)"	3.280834	7.083502	0.829005	4	0	#005dff	1	"(122, 305, 29)-(122, 310, 29)"	0.933927	0.416909	0	NA	NA
patient3.gd	"(120, 297, 30)-(122, 297, 27)"	7.235039	26.563132	1.081046	17	2	#ff217ffffffffffffe24	1	"(117, 294, 29)-(120, 297, 30)"	0.791878	1.32893	0	NA	NA
patient3.gd	"(113, 293, 27)-(117, 294, 29)"	7.176309	58.438891	1.609999	45	12	#2600ff	1	"(117, 294, 29)-(118, 293, 30)"	2.196113	3.421171	0	NA	NA
patient3.gd	"(112, 291, 30)-(118, 293, 30)"	9.908307	136.357413	2.092978	105	28	#ff00aa	4	"(118, 293, 30)-(118, 293, 34)"	1.45509	1.653059	2	0.715066538	0.525139492
patient3.gd	"(112, 291, 30)-(113, 289, 32)"	3.829669	7.083502	0.767306	4	0	#00ff9f	1	"(112, 291, 30)-(118, 293, 30)"	0.36661	0.386511	0	NA	NA
patient3.gd	"(111, 292, 30)-(112, 291, 30)"	1.67332	3.541751	0.820814	2	0	#ff0029	3	"(112, 291, 30)-(118, 293, 30)"	0.392175	0.168881	2	NA	NA
patient3.gd	"(109, 284, 28)-(111, 292, 30)"	14.072597	231.984689	2.290697	1082	951	#c0ff7fffffffffffff40	2	"(111, 292, 30)-(112, 291, 30)"	2.790764	8.409985	2	0.92397792	0.500356493
patient3.gd	"(107, 284, 29)-(109, 284, 28)"	3.770938	21.250506	1.339322	15	3	#ff007a	1	"(109, 284, 28)-(111, 292, 30)"	0.584679	0.267963	0	NA	NA
patient3.gd	"(107, 283, 27)-(109, 284, 28)"	3.280834	7.083502	0.829005	4	0	#0010ff	1	"(109, 284, 28)-(111, 292, 30)"	0.361901	0.233136	0	NA	NA
patient3.gd	"(108, 293, 27)-(111, 292, 30)"	5.561719	33.646634	1.387686	32	13	#00ffbe	1	"(111, 292, 30)-(112, 291, 30)"	1.690623	3.323763	0	NA	NA
patient3.gd	"(120, 274, 38)-(120, 274, 39)"	1.264911	3.541751	0.94407	2	0	#ff00cd	3	"(116, 267, 33)-(120, 274, 38)"	0.236689	0.100282	2	NA	NA
patient3.gd	"(120, 274, 39)-(122, 275, 42)"	5.09458	60.209767	1.939565	41	7	#ff6d7ffffffffffffe70	2	"(120, 274, 38)-(120, 274, 39)"	2.054472	4.027619	2	0.800778168	NA
patient3.gd	"(122, 275, 42)-(125, 277, 43)"	4.954154	7.083502	0.674628	4	0	#ff0089	1	"(120, 274, 39)-(122, 275, 42)"	0.347824	0.972436	0	NA	NA
patient3.gd	"(121, 268, 50)-(122, 275, 42)"	15.202044	44.271887	0.962804	25	0	#4400ff	1	"(120, 274, 39)-(122, 275, 42)"	0.496402	2.983964	0	NA	NA
patient3.gd	"(115, 281, 42)-(120, 274, 39)"	12.130462	86.772899	1.508962	64	15	#80ff7fffffffffffff80	1	"(120, 274, 38)-(120, 274, 39)"	1.598359	9.589972	0	NA	NA
patient3.gd	"(116, 267, 33)-(117, 266, 32)"	2.097618	3.541751	0.733113	2	0	#ff087ffffffffffffe0b	8	"(112, 265, 30)-(116, 267, 33)"	0.208931	0.263316	2	NA	NA
patient3.gd	"(117, 266, 32)-(123, 260, 38)"	13.403355	219.588561	2.283616	175	51	#0016ff	3	"(116, 267, 33)-(117, 266, 32)"	3.114958	6.389799	2	1.098046507	1.10637359
patient3.gd	"(123, 260, 38)-(125, 260, 38)"	3.464102	12.396128	1.067266	7	0	#8aff7fffffffffffff76	1	"(117, 266, 32)-(123, 260, 38)"	0.467358	0.25845	0	NA	NA
patient3.gd	"(123, 253, 41)-(123, 260, 38)"	10.66015	61.980642	1.360415	35	0	#00ff02	2	"(117, 266, 32)-(123, 260, 38)"	0.595728	0.795334	2	1.181410405	1.248481802
patient3.gd	"(123, 253, 41)-(125, 251, 43)"	5.012884	7.083502	0.670664	4	0	#b5ff7fffffffffffff4b	1	"(123, 253, 41)-(123, 260, 38)"	0.492985	0.470245	0	NA	NA
patient3.gd	"(120, 249, 41)-(123, 253, 41)"	7.176309	15.937879	0.840794	10	1	#ff987ffffffffffffe9b	1	"(123, 253, 41)-(123, 260, 38)"	0.618042	0.67319	0	NA	NA
patient3.gd	"(117, 266, 32)-(120, 265, 29)"	6.379368	230.213814	3.389237	186	56	#00d6ff	5	"(116, 267, 33)-(117, 266, 32)"	4.623076	3.041245	2	2.939565791	NA
patient3.gd	"(120, 265, 29)-(129, 268, 25)"	15.045729	286.881829	2.463599	191	29	#1c00ff	2	"(117, 266, 32)-(120, 265, 29)"	0.726889	2.358498	2	0.994482849	0.680138243
patient3.gd	"(129, 268, 25)-(132, 273, 24)"	7.81069	65.522393	1.634087	40	3	#e6ff7fffffffffffff1a	1	"(120, 265, 29)-(129, 268, 25)"	0.663293	0.51913	0	NA	NA
patient3.gd	"(129, 268, 25)-(131, 266, 25)"	3.34664	7.083502	0.820814	5	1	#ffcb7ffffffffffffece	1	"(120, 265, 29)-(129, 268, 25)"	0.333177	0.222431	0	NA	NA
patient3.gd	"(120, 265, 29)-(125, 260, 27)"	9.908307	255.006071	2.862204	179	35	#ff8b7ffffffffffffe8e	3	"(117, 266, 32)-(120, 265, 29)"	0.844498	1.55318	2	0.94857474	NA
patient3.gd	"(125, 260, 27)-(127, 258, 24)"	5.460146	49.584514	1.700184	31	3	#00ffdd	2	"(120, 265, 29)-(125, 260, 27)"	0.594012	0.551068	2	2.333042352	NA
patient3.gd	"(127, 258, 24)-(129, 258, 26)"	4.195235	12.396128	0.969817	7	0	#8400ff	1	"(125, 260, 27)-(127, 258, 24)"	0.570419	0.768338	0	NA	NA
patient3.gd	"(127, 258, 24)-(128, 253, 20)"	9.193062	63.751518	1.485731	36	0	#0051ff	1	"(125, 260, 27)-(127, 258, 24)"	0.873865	1.683666	0	NA	NA
patient3.gd	"(122, 241, 33)-(125, 260, 27)"	29.080304	102.710778	1.060312	63	5	#ffa47ffffffffffffea7	1	"(120, 265, 29)-(125, 260, 27)"	0.370453	2.934942	0	NA	NA
patient3.gd	"(109, 270, 26)-(112, 265, 30)"	9.20812	416.15574	3.792866	303	68	#76ff7fffffffffffff8a	1	"(110, 263, 30)-(112, 265, 30)"	2.241447	2.751452	0	NA	NA
patient3.gd	"(105, 263, 20)-(110, 263, 30)"	18.315636	1287.426481	4.730154	926	199	#0076ff	21	"(103, 257, 38)-(110, 263, 30)"	1.265273	1.115761	2	1.544897212	NA
patient3.gd	"(105, 263, 20)-(111, 270, 12)"	19.84853	568.451032	3.019308	420	99	#b4ff7fffffffffffff4c	6	"(105, 263, 20)-(110, 263, 30)"	0.638311	1.083693	3	1.500484957	1.361363977
patient3.gd	"(111, 270, 12)-(115, 273, 10)"	7.051771	38.959261	1.326115	33	11	#2dff7fffffffffffffd3	1	"(105, 263, 20)-(111, 270, 12)"	0.439212	0.355279	0	NA	NA
patient3.gd	"(111, 270, 12)-(113, 268, 11)"	3.770938	26.563132	1.497408	17	2	#ff00e7	4	"(105, 263, 20)-(111, 270, 12)"	0.495944	0.189986	2	NA	NA
patient3.gd	"(113, 268, 11)-(114, 266, 11)"	2.856536	21.250506	1.538827	12	0	#ff607ffffffffffffe63	2	"(111, 270, 12)-(113, 268, 11)"	1.027661	0.757513	2	NA	NA
patient3.gd	"(114, 266, 11)-(118, 269, 11)"	7.051771	72.605895	1.810347	57	16	#00ff35	1	"(113, 268, 11)-(114, 266, 11)"	1.176446	2.468644	0	NA	NA
patient3.gd	"(113, 261, 17)-(114, 266, 11)"	11.123439	157.607919	2.123707	126	37	#ad00ff	1	"(113, 268, 11)-(114, 266, 11)"	1.380081	3.894031	0	NA	NA
patient3.gd	"(113, 268, 8)-(113, 268, 11)"	5.460146	53.126265	1.759858	40	10	#ffe07ffffffffffffee3	2	"(111, 270, 12)-(113, 268, 11)"	1.17527	1.447955	2	3.336718173	24.03252616
patient3.gd	"(113, 268, 8)-(115, 271, 6)"	5.378451	40.730136	1.552581	31	8	#00e9ff	1	"(113, 268, 8)-(113, 268, 11)"	0.88222	0.985038	0	NA	NA
patient3.gd	"(112, 266, 5)-(113, 268, 8)"	5.196152	26.563132	1.275627	23	8	#00bdff	1	"(113, 268, 8)-(113, 268, 11)"	0.724847	0.951651	0	NA	NA
patient3.gd	"(110, 273, 4)-(111, 270, 12)"	14.485967	106.252529	1.527992	88	28	#ed00ff	1	"(105, 263, 20)-(111, 270, 12)"	0.506073	0.729826	0	NA	NA
patient3.gd	"(105, 263, 20)-(106, 260, 16)"	7.659337	219.588561	3.020886	211	87	#ff00e8	15	"(105, 263, 20)-(110, 263, 30)"	0.638644	0.418186	2	NA	NA
patient3.gd	"(106, 260, 16)-(112, 258, 6)"	18.790682	690.641441	3.420425	494	104	#b700ff	2	"(105, 263, 20)-(106, 260, 16)"	1.132259	2.453304	2	1.828070688	1.318079982
patient3.gd	"(112, 258, 6)-(117, 263, 4)"	12.679297	187.712802	2.170823	129	23	#0073ff	1	"(106, 260, 16)-(112, 258, 6)"	0.634665	0.674765	0	NA	NA
patient3.gd	"(112, 258, 0)-(112, 258, 6)"	9.458025	185.941926	2.501575	127	22	#ff001b	1	"(106, 260, 16)-(112, 258, 6)"	0.731364	0.503336	0	NA	NA
patient3.gd	"(105, 260, 14)-(106, 260, 16)"	2.996962	26.563132	1.679671	25	10	#ff0076	13	"(105, 263, 20)-(106, 260, 16)"	0.556019	0.391282	2	NA	NA
patient3.gd	"(105, 260, 14)-(106, 263, 9)"	9.756955	361.2586	3.433025	256	52	#00feff	2	"(105, 260, 14)-(106, 260, 16)"	2.043868	3.255615	2	3.077134798	NA
patient3.gd	"(104, 270, 7)-(106, 263, 9)"	12.189193	304.590584	2.820303	215	43	#8900ff	1	"(105, 260, 14)-(106, 263, 9)"	0.821521	1.249283	0	NA	NA
patient3.gd	"(104, 264, 4)-(106, 263, 9)"	15.10446	334.695468	2.655812	233	44	#19ff7fffffffffffffe7	1	"(105, 260, 14)-(106, 263, 9)"	0.773607	1.548071	0	NA	NA
patient3.gd	"(98, 267, 16)-(105, 260, 14)"	14.22808	561.36753	3.543852	403	86	#f700ff	11	"(105, 260, 14)-(106, 260, 16)"	2.109849	4.747501	2	3.821622812	NA
patient3.gd	"(98, 267, 16)-(103, 273, 13)"	15.10446	494.074262	3.226774	350	71	#ff0066	1	"(98, 267, 16)-(105, 260, 14)"	0.910527	1.061595	0	NA	NA
patient3.gd	"(96, 268, 15)-(98, 267, 16)"	3.280834	69.064144	2.588566	58	19	#a200ff	10	"(98, 267, 16)-(105, 260, 14)"	0.730439	0.230589	2	2.677555554	NA
patient3.gd	"(95, 270, 17)-(96, 268, 15)"	3.829669	26.563132	1.485881	19	4	#3b00ff	9	"(96, 268, 15)-(98, 267, 16)"	0.574017	1.167285	2	NA	NA
patient3.gd	"(93, 277, 18)-(95, 270, 17)"	10.791763	292.194456	2.935721	234	69	#00ff46	1	"(95, 270, 17)-(96, 268, 15)"	1.975744	2.817937	0	NA	NA
patient3.gd	"(78, 267, 21)-(95, 270, 17)"	30.004943	1034.191286	3.312296	810	226	#0086ff	8	"(95, 270, 17)-(96, 268, 15)"	2.229179	7.834867	2	1.464857326	0.596586132
patient3.gd	"(77, 272, 20)-(78, 267, 21)"	7.928151	88.543774	1.885463	70	20	#00ff97	3	"(78, 267, 21)-(95, 270, 17)"	0.569232	0.264228	2	NA	NA
patient3.gd	"(77, 272, 20)-(80, 278, 19)"	14.286811	357.716849	2.823106	321	119	#7dff7fffffffffffff83	1	"(77, 272, 20)-(78, 267, 21)"	1.497301	1.802036	0	NA	NA
patient3.gd	"(73, 276, 19)-(77, 272, 20)"	7.117578	79.689397	1.887814	63	18	#00c8ff	2	"(77, 272, 20)-(78, 267, 21)"	1.001247	0.89776	2	1.072153861	2.079811949
patient3.gd	"(70, 277, 18)-(73, 276, 19)"	4.588587	8.854377	0.783727	5	0	#ff0068	1	"(73, 276, 19)-(77, 272, 20)"	0.41515	0.644684	0	NA	NA
patient3.gd	"(70, 275, 20)-(73, 276, 19)"	5.561719	24.792257	1.191183	29	15	#69ff7fffffffffffff97	1	"(73, 276, 19)-(77, 272, 20)"	0.630985	0.781406	0	NA	NA
patient3.gd	"(76, 262, 20)-(78, 267, 21)"	10.947246	171.774923	2.234871	106	9	#0003ff	5	"(78, 267, 21)-(95, 270, 17)"	0.67472	0.364848	2	2.842444318	0.815849951
patient3.gd	"(76, 262, 20)-(77, 260, 18)"	3.829669	17.708755	1.213217	11	1	#00a5ff	1	"(76, 262, 20)-(78, 267, 21)"	0.542858	0.349829	0	NA	NA
patient3.gd	"(73, 261, 21)-(76, 262, 20)"	5.561719	76.147646	2.087607	50	7	#ffc67ffffffffffffec9	4	"(76, 262, 20)-(78, 267, 21)"	0.934106	0.508047	2	3.863875009	NA
patient3.gd	"(70, 256, 24)-(73, 261, 21)"	8.783822	100.939903	1.912559	60	3	#2900ff	3	"(73, 261, 21)-(76, 262, 20)"	0.916149	1.579336	2	3.17824384	NA
patient3.gd	"(67, 250, 24)-(70, 256, 24)"	9.667278	72.605895	1.546176	41	0	#ff0010	2	"(70, 256, 24)-(73, 261, 21)"	0.808433	1.100578	2	1.000600279	0.545917066
patient3.gd	"(66, 249, 25)-(67, 250, 24)"	2.097618	3.541751	0.733113	2	0	#4cff7fffffffffffffb4	1	"(67, 250, 24)-(70, 256, 24)"	0.474146	0.216981	0	NA	NA
patient3.gd	"(66, 248, 23)-(67, 250, 24)"	3.405371	7.083502	0.813705	4	0	#00ffb3	1	"(67, 250, 24)-(70, 256, 24)"	0.526269	0.352257	0	NA	NA
patient3.gd	"(57, 253, 34)-(70, 256, 24)"	26.029573	191.254553	1.529317	112	4	#ff157ffffffffffffe18	1	"(70, 256, 24)-(73, 261, 21)"	0.799618	2.963354	0	NA	NA
patient3.gd	"(62, 258, 17)-(73, 261, 21)"	18.260756	131.044786	1.511387	80	6	#00fff5	1	"(73, 261, 21)-(76, 262, 20)"	0.72398	3.283293	0	NA	NA
patient3.gd	"(94, 268, 13)-(96, 268, 15)"	3.464102	60.209767	2.35214	42	8	#d0ff7fffffffffffff30	1	"(96, 268, 15)-(98, 267, 16)"	0.908665	1.05586	0	NA	NA
patient3.gd	"(100, 313, 30)-(103, 257, 38)"	86.911428	6803.703631	4.991825	4480	638	#28ff7fffffffffffffd8	2	"(102, 246, 29)-(103, 257, 38)"	0.818996	4.37243	2	1.067699792	0.290399765
patient3.gd	"(100, 313, 30)-(103, 317, 27)"	7.600606	141.670039	2.435791	100	20	#9eff7fffffffffffff62	1	"(100, 313, 30)-(103, 257, 38)"	0.487956	0.087452	0	NA	NA
patient3.gd	"(96, 317, 26)-(100, 313, 30)"	8.390471	203.650681	2.779552	162	47	#94ff7fffffffffffff6c	1	"(100, 313, 30)-(103, 257, 38)"	0.556821	0.09654	0	NA	NA
