tag	name	len	vol	rad	voxc	defc	col	tips	parent	beta	gamma	nchild	q	s
patient4.gd	"(109, 292, 47)-(111, 273, 48)"	25.83895	2603.18697	5.662919	1655	185	#00ff96	154	NA	NA	NA	2	1.664891653	0.62558135
patient4.gd	"(111, 273, 48)-(113, 270, 52)"	7.29377	256.776946	3.34755	194	49	#9eff7fffffffffffff62	1	"(109, 292, 47)-(111, 273, 48)"	0.591135	0.282278	0	NA	NA
patient4.gd	"(110, 267, 47)-(111, 273, 48)"	9.842501	518.866518	4.096379	446	153	#b700ff	153	"(109, 292, 47)-(111, 273, 48)"	0.723369	0.380917	2	NA	NA
patient4.gd	"(110, 266, 48)-(110, 267, 47)"	1.732051	3.541751	0.806777	2	0	#d700ff	2	"(110, 267, 47)-(111, 273, 48)"	0.196949	0.175977	2	NA	NA
patient4.gd	"(110, 266, 48)-(113, 262, 51)"	7.600606	214.275934	2.995626	178	57	#ff0c7ffffffffffffe0f	1	"(110, 266, 48)-(110, 267, 47)"	3.713076	4.388212	0	NA	NA
patient4.gd	"(106, 265, 52)-(110, 266, 48)"	8.024904	286.881829	3.373313	246	84	#ff727ffffffffffffe75	1	"(110, 266, 48)-(110, 267, 47)"	4.181219	4.63318	0	NA	NA
patient4.gd	"(110, 254, 38)-(110, 267, 47)"	22.624202	2220.677864	5.589606	1612	358	#ffb47ffffffffffffeb7	151	"(110, 267, 47)-(111, 273, 48)"	1.364524	2.298623	2	2.844867649	0.850700906
patient4.gd	"(110, 254, 38)-(111, 249, 43)"	9.025821	471.05288	4.075834	375	109	#08ff7ffffffffffffff8	1	"(110, 254, 38)-(110, 267, 47)"	0.729181	0.398945	0	NA	NA
patient4.gd	"(106, 252, 32)-(110, 254, 38)"	11.021866	749.080332	4.651165	610	187	#ff00f9	150	"(110, 254, 38)-(110, 267, 47)"	0.83211	0.487171	2	0.627184286	NA
patient4.gd	"(106, 252, 32)-(113, 219, 33)"	49.024401	1002.315527	2.551063	756	190	#fff87ffffffffffffefb	8	"(106, 252, 32)-(110, 254, 38)"	0.548478	4.447922	2	2.349807685	NA
patient4.gd	"(113, 219, 33)-(118, 217, 32)"	7.445123	93.856401	2.003185	53	0	#fd00ff	2	"(106, 252, 32)-(113, 219, 33)"	0.785236	0.151866	2	1.226513193	NA
patient4.gd	"(118, 217, 32)-(182, 244, 33)"	96.084471	690.641441	1.512602	394	4	#ff006e	1	"(113, 219, 33)-(118, 217, 32)"	0.755099	12.905693	0	NA	NA
patient4.gd	"(118, 217, 32)-(119, 218, 31)"	2.097618	3.541751	0.733113	2	0	#4400ff	1	"(113, 219, 33)-(118, 217, 32)"	0.365974	0.281744	0	NA	NA
patient4.gd	"(91, 114, 41)-(113, 219, 33)"	187.399797	1880.66977	1.787297	1071	9	#00ff44	6	"(106, 252, 32)-(113, 219, 33)"	0.700609	3.822582	2	1.347738823	0.302346898
patient4.gd	"(91, 114, 41)-(94, 84, 37)"	45.029228	256.776946	1.347274	148	3	#ff00bd	5	"(91, 114, 41)-(113, 219, 33)"	0.753805	0.240284	2	1.869396167	NA
patient4.gd	"(94, 84, 37)-(95, 78, 61)"	54.74542	154.066168	0.946466	89	2	#00ffa3	4	"(91, 114, 41)-(94, 84, 37)"	0.702504	1.215775	2	3.403152563	0.206497042
patient4.gd	"(95, 78, 61)-(95, 79, 62)"	1.732051	3.541751	0.806777	2	0	#00ffeb	1	"(94, 84, 37)-(95, 78, 61)"	0.852411	0.031638	0	NA	NA
patient4.gd	"(94, 77, 60)-(95, 78, 61)"	2.097618	3.541751	0.733113	2	0	#7a00ff	3	"(94, 84, 37)-(95, 78, 61)"	0.77458	0.038316	2	NA	NA
patient4.gd	"(89, 71, 54)-(94, 77, 60)"	27.126274	56.668016	0.815453	33	1	#00ceff	1	"(94, 77, 60)-(95, 78, 61)"	1.112316	12.931944	0	NA	NA
patient4.gd	"(88, 78, 58)-(94, 77, 60)"	10.515873	61.980642	1.369716	35	0	#acff7fffffffffffff54	2	"(94, 77, 60)-(95, 78, 61)"	1.868356	5.013246	2	2.208875482	1.198229055
patient4.gd	"(88, 74, 55)-(88, 78, 58)"	7.095445	23.021381	1.016251	14	1	#5600ff	1	"(88, 78, 58)-(94, 77, 60)"	0.741943	0.674737	0	NA	NA
patient4.gd	"(86, 79, 60)-(88, 78, 58)"	4.647318	14.167004	0.98506	8	0	#007aff	1	"(88, 78, 58)-(94, 77, 60)"	0.719171	0.441934	0	NA	NA
patient4.gd	"(80, 84, 45)-(94, 84, 37)"	27.047803	70.83502	0.913026	40	0	#e0ff7fffffffffffff20	1	"(91, 114, 41)-(94, 84, 37)"	0.677684	0.600672	0	NA	NA
patient4.gd	"(91, 114, 41)-(91, 118, 43)"	5.830534	10.625253	0.761624	9	3	#00fff5	1	"(91, 114, 41)-(113, 219, 33)"	0.426132	0.031113	0	NA	NA
patient4.gd	"(105, 253, 31)-(106, 252, 32)"	2.097618	3.541751	0.733113	2	0	#00f1ff	142	"(106, 252, 32)-(110, 254, 38)"	0.157619	0.190314	2	NA	NA
patient4.gd	"(105, 253, 31)-(111, 186, 26)"	94.780602	1383.053757	2.155187	1027	246	#ff777ffffffffffffe7a	12	"(105, 253, 31)-(106, 252, 32)"	2.939774	45.184879	2	1.910982601	0.245668672
patient4.gd	"(111, 186, 26)-(112, 180, 25)"	8.138235	85.002024	1.823369	49	1	#00ffdc	11	"(105, 253, 31)-(111, 186, 26)"	0.846038	0.085864	2	NA	NA
patient4.gd	"(112, 172, 24)-(112, 180, 25)"	10.870233	122.190409	1.891578	70	1	#5fff7fffffffffffffa1	10	"(111, 186, 26)-(112, 180, 25)"	1.037408	1.335699	2	NA	NA
patient4.gd	"(112, 172, 24)-(114, 161, 25)"	17.228893	203.650681	1.939721	120	5	#31ff7fffffffffffffcf	9	"(112, 172, 24)-(112, 180, 25)"	1.025451	1.584961	2	NA	NA
patient4.gd	"(114, 161, 25)-(118, 149, 26)"	18.412109	267.402199	2.150086	166	15	#00a8ff	8	"(112, 172, 24)-(114, 161, 25)"	1.108451	1.068676	2	5.508050606	NA
patient4.gd	"(118, 135, 31)-(118, 149, 26)"	23.666992	265.631323	1.890137	161	11	#ff907ffffffffffffe93	3	"(114, 161, 25)-(118, 149, 26)"	0.879098	1.285404	2	1.43175391	NA
patient4.gd	"(118, 135, 31)-(124, 124, 43)"	26.597383	49.584514	0.770333	28	0	#6fff7fffffffffffff91	1	"(118, 135, 31)-(118, 149, 26)"	0.407554	1.123818	0	NA	NA
patient4.gd	"(103, 79, 30)-(118, 135, 31)"	101.195252	722.5172	1.507541	408	0	#3f00ff	2	"(118, 135, 31)-(118, 149, 26)"	0.797583	4.275797	2	1.83048851	0.238427021
patient4.gd	"(103, 79, 30)-(107, 77, 32)"	6.686205	21.250506	1.005819	12	0	#ff004e	1	"(103, 79, 30)-(118, 135, 31)"	0.667192	0.066072	0	NA	NA
patient4.gd	"(100, 77, 30)-(103, 79, 30)"	4.529856	15.937879	1.058274	9	0	#ffe37ffffffffffffee6	1	"(103, 79, 30)-(118, 135, 31)"	0.701987	0.044764	0	NA	NA
patient4.gd	"(115, 142, 26)-(118, 149, 26)"	10.601419	120.419533	1.901479	73	5	#ffa07ffffffffffffea3	5	"(114, 161, 25)-(118, 149, 26)"	0.884374	0.575785	2	1.282703438	NA
patient4.gd	"(115, 142, 26)-(129, 114, 31)"	45.008519	216.04681	1.236094	122	0	#00ff2f	2	"(115, 142, 26)-(118, 149, 26)"	0.65007	4.245518	2	2.666839736	0.546696301
patient4.gd	"(129, 114, 31)-(136, 105, 33)"	14.928268	31.875759	0.824424	18	0	#ff0011	1	"(115, 142, 26)-(129, 114, 31)"	0.666959	0.331676	0	NA	NA
patient4.gd	"(124, 113, 26)-(129, 114, 31)"	10.574604	37.188385	1.058027	21	0	#00a0ff	1	"(115, 142, 26)-(129, 114, 31)"	0.855943	0.234947	0	NA	NA
patient4.gd	"(111, 138, 27)-(115, 142, 26)"	7.117578	21.250506	0.974863	12	0	#005fff	3	"(115, 142, 26)-(118, 149, 26)"	0.512687	0.67138	2	3.15395698	2.040385412
patient4.gd	"(110, 141, 24)-(111, 138, 27)"	6.292853	14.167004	0.846526	8	0	#ff0010	2	"(111, 138, 27)-(115, 142, 26)"	0.868354	0.884128	2	9.157843321	NA
patient4.gd	"(110, 141, 24)-(114, 139, 21)"	7.110502	14.167004	0.796368	8	0	#ff6f7ffffffffffffe72	1	"(110, 141, 24)-(111, 138, 27)"	0.940749	1.129933	0	NA	NA
patient4.gd	"(110, 141, 24)-(110, 145, 24)"	4.732864	8.854377	0.771689	5	0	#fff57ffffffffffffef8	1	"(110, 141, 24)-(111, 138, 27)"	0.911595	0.752101	0	NA	NA
patient4.gd	"(109, 137, 26)-(111, 138, 27)"	3.405371	5.312626	0.704689	3	0	#ff00d5	1	"(111, 138, 27)-(115, 142, 26)"	0.72286	0.478445	0	NA	NA
patient4.gd	"(110, 159, 21)-(114, 161, 25)"	7.659337	30.104883	1.118531	17	0	#4eff7fffffffffffffb2	1	"(112, 172, 24)-(114, 161, 25)"	0.576645	0.444564	0	NA	NA
patient4.gd	"(110, 177, 23)-(112, 172, 24)"	7.320586	15.937879	0.832468	9	0	#ff00a9	1	"(112, 172, 24)-(112, 180, 25)"	0.440092	0.673452	0	NA	NA
patient4.gd	"(111, 182, 23)-(112, 180, 25)"	3.829669	7.083502	0.767306	4	0	#46ff7fffffffffffffba	1	"(111, 186, 26)-(112, 180, 25)"	0.420818	0.470577	0	NA	NA
patient4.gd	"(109, 184, 25)-(111, 186, 26)"	3.770938	14.167004	1.093552	8	0	#ffbe7ffffffffffffec1	1	"(105, 253, 31)-(111, 186, 26)"	0.507405	0.039786	0	NA	NA
patient4.gd	"(103, 258, 27)-(105, 253, 31)"	10.4143	752.622083	4.796213	599	174	#0037ff	130	"(105, 253, 31)-(106, 252, 32)"	6.542257	4.964823	2	NA	NA
patient4.gd	"(97, 245, 24)-(103, 258, 27)"	27.440185	1138.67294	3.634386	939	296	#00baff	15	"(103, 258, 27)-(105, 253, 31)"	0.757762	2.634856	2	1.203691975	NA
patient4.gd	"(95, 243, 20)-(97, 245, 24)"	7.659337	58.438891	1.558405	36	3	#ff00c9	1	"(97, 245, 24)-(103, 258, 27)"	0.428795	0.279128	0	NA	NA
patient4.gd	"(88, 224, 26)-(97, 245, 24)"	38.606466	761.476461	2.505667	451	21	#00c2ff	14	"(97, 245, 24)-(103, 258, 27)"	0.689433	1.406932	2	2.903178131	0.670580888
patient4.gd	"(88, 224, 26)-(89, 222, 25)"	3.280834	14.167004	1.17239	12	4	#003fff	11	"(88, 224, 26)-(97, 245, 24)"	0.467895	0.084981	2	NA	NA
patient4.gd	"(89, 222, 25)-(91, 219, 23)"	5.378451	14.167004	0.915663	9	1	#00ffb7	1	"(88, 224, 26)-(89, 222, 25)"	0.781022	1.639355	0	NA	NA
patient4.gd	"(77, 154, 28)-(89, 222, 25)"	89.690705	1351.177999	2.189816	769	6	#ff8b7ffffffffffffe8e	10	"(88, 224, 26)-(89, 222, 25)"	1.867823	27.337779	2	3.202318707	0.511421837
patient4.gd	"(77, 154, 28)-(81, 142, 27)"	17.556438	131.044786	1.541405	82	8	#5900ff	2	"(77, 154, 28)-(89, 222, 25)"	0.703897	0.195744	2	0.973280111	NA
patient4.gd	"(81, 142, 27)-(84, 141, 26)"	6.13737	8.854377	0.677662	5	0	#ff0054	1	"(77, 154, 28)-(81, 142, 27)"	0.439639	0.349579	0	NA	NA
patient4.gd	"(72, 146, 13)-(81, 142, 27)"	37.197971	81.460273	0.834908	46	0	#9000ff	1	"(77, 154, 28)-(81, 142, 27)"	0.541654	2.118765	0	NA	NA
patient4.gd	"(75, 137, 30)-(77, 154, 28)"	29.445871	347.091596	1.937024	201	5	#22ff7fffffffffffffde	8	"(77, 154, 28)-(89, 222, 25)"	0.88456	0.328305	2	2.290530413	NA
patient4.gd	"(75, 137, 30)-(85, 85, 22)"	90.745324	830.540605	1.706842	475	6	#00a3ff	6	"(75, 137, 30)-(77, 154, 28)"	0.881167	3.081767	2	1.269351265	0.37036188
patient4.gd	"(85, 84, 21)-(85, 85, 22)"	1.732051	3.541751	0.806777	2	0	#ffeb7ffffffffffffeee	1	"(75, 137, 30)-(85, 85, 22)"	0.472673	0.019087	0	NA	NA
patient4.gd	"(66, 72, 34)-(85, 85, 22)"	44.679829	189.483677	1.161864	108	1	#ff0e7ffffffffffffe11	5	"(75, 137, 30)-(85, 85, 22)"	0.68071	0.492365	2	1.862684881	0.685980283
patient4.gd	"(63, 69, 44)-(66, 72, 34)"	16.08151	33.646634	0.816079	19	0	#82ff7fffffffffffff7e	4	"(66, 72, 34)-(85, 85, 22)"	0.702388	0.359928	2	NA	1.170191818
patient4.gd	"(63, 69, 44)-(69, 68, 51)"	12.855489	17.708755	0.662178	10	0	#8c00ff	1	"(63, 69, 44)-(66, 72, 34)"	0.811414	0.799396	0	NA	NA
patient4.gd	"(62, 66, 43)-(63, 69, 44)"	4.588587	12.396128	0.927318	7	0	#0015ff	3	"(63, 69, 44)-(66, 72, 34)"	1.136308	0.285333	3	NA	NA
patient4.gd	"(62, 66, 43)-(64, 63, 46)"	5.927286	17.708755	0.975194	10	0	#00a7ff	1	"(62, 66, 43)-(63, 69, 44)"	1.051629	1.291745	0	NA	NA
patient4.gd	"(62, 66, 43)-(62, 67, 41)"	2.996962	7.083502	0.867378	4	0	#fdff7fffffffffffff03	1	"(62, 66, 43)-(63, 69, 44)"	0.935362	0.653134	0	NA	NA
patient4.gd	"(58, 65, 44)-(62, 66, 43)"	5.647266	8.854377	0.706456	6	1	#ff0013	1	"(62, 66, 43)-(63, 69, 44)"	0.761827	1.23072	0	NA	NA
patient4.gd	"(62, 66, 39)-(66, 72, 34)"	16.451066	31.875759	0.785341	18	0	#8900ff	1	"(66, 72, 34)-(85, 85, 22)"	0.675932	0.368199	0	NA	NA
patient4.gd	"(61, 119, 28)-(75, 137, 30)"	37.096257	131.044786	1.0604	82	8	#1c00ff	2	"(75, 137, 30)-(77, 154, 28)"	0.547438	1.259812	2	2.121296741	0.357076829
patient4.gd	"(61, 119, 28)-(66, 118, 23)"	10.699141	21.250506	0.795125	13	1	#07ff7ffffffffffffff9	1	"(61, 119, 28)-(75, 137, 30)"	0.749834	0.288416	0	NA	NA
patient4.gd	"(60, 118, 29)-(61, 119, 28)"	2.097618	3.541751	0.733113	2	0	#00ffcd	1	"(61, 119, 28)-(75, 137, 30)"	0.691355	0.056545	0	NA	NA
patient4.gd	"(79, 212, 34)-(88, 224, 26)"	28.121539	511.783017	2.406847	480	191	#b700ff	3	"(88, 224, 26)-(97, 245, 24)"	0.960561	0.728415	2	0.792413292	0.361280301
patient4.gd	"(78, 211, 35)-(79, 212, 34)"	2.097618	3.541751	0.733113	2	0	#0069ff	2	"(79, 212, 34)-(88, 224, 26)"	0.304595	0.074591	2	NA	NA
patient4.gd	"(74, 208, 32)-(78, 211, 35)"	7.476069	42.501012	1.345204	26	2	#00ff0c	1	"(78, 211, 35)-(79, 212, 34)"	1.83492	3.564076	0	NA	NA
patient4.gd	"(0, 244, 43)-(78, 211, 35)"	117.960682	970.439768	1.618232	557	9	#ff0071	1	"(78, 211, 35)-(79, 212, 34)"	2.207343	56.235549	0	NA	NA
patient4.gd	"(76, 215, 33)-(79, 212, 34)"	7.110502	37.188385	1.290264	22	1	#ff00cb	1	"(79, 212, 34)-(88, 224, 26)"	0.536081	0.252849	0	NA	NA
patient4.gd	"(91, 273, 19)-(103, 258, 27)"	29.070801	2725.377379	5.462732	2134	595	#ff717ffffffffffffe74	115	"(103, 258, 27)-(105, 253, 31)"	1.138968	2.791431	2	1.696551876	0.745619933
patient4.gd	"(90, 280, 20)-(91, 273, 19)"	10.41912	393.134359	3.465613	318	96	#ff00e8	114	"(91, 273, 19)-(103, 258, 27)"	0.63441	0.358405	2	1.112823659	NA
patient4.gd	"(90, 280, 20)-(90, 281, 20)"	1.183216	3.541751	0.976117	2	0	#00feff	113	"(90, 280, 20)-(91, 273, 19)"	0.281658	0.113562	2	NA	NA
patient4.gd	"(89, 283, 23)-(90, 281, 20)"	5.927286	196.567179	3.249022	176	65	#8900ff	112	"(90, 280, 20)-(90, 281, 20)"	3.328515	5.009471	2	NA	NA
patient4.gd	"(89, 283, 23)-(92, 290, 24)"	12.130462	433.864495	3.374143	305	60	#a200ff	111	"(89, 283, 23)-(90, 281, 20)"	1.03851	2.046546	2	1.603363934	0.835929161
patient4.gd	"(92, 290, 24)-(94, 290, 21)"	4.729013	65.522393	2.100074	51	14	#ff001b	2	"(89, 283, 23)-(92, 290, 24)"	0.622402	0.389846	2	NA	NA
patient4.gd	"(94, 290, 21)-(97, 295, 18)"	12.005925	448.031499	3.446526	311	58	#e600ff	1	"(92, 290, 24)-(94, 290, 21)"	1.641145	2.53878	0	NA	NA
patient4.gd	"(92, 290, 17)-(94, 290, 21)"	7.659337	196.567179	2.85815	146	35	#ff004b	1	"(92, 290, 24)-(94, 290, 21)"	1.360975	1.619648	0	NA	NA
patient4.gd	"(89, 293, 22)-(92, 290, 24)"	5.868555	95.627276	2.277458	65	11	#d0ff7fffffffffffff30	109	"(89, 283, 23)-(92, 290, 24)"	0.674974	0.483787	2	NA	NA
patient4.gd	"(89, 293, 22)-(95, 304, 24)"	23.039687	979.294146	3.678268	653	100	#0086ff	108	"(89, 293, 22)-(92, 290, 24)"	1.615076	3.925955	2	0.686619685	0.316490294
patient4.gd	"(95, 304, 24)-(97, 304, 23)"	3.770938	44.271887	1.933145	47	22	#2900ff	106	"(89, 293, 22)-(95, 304, 24)"	0.525558	0.163671	2	NA	NA
patient4.gd	"(97, 304, 23)-(101, 313, 23)"	15.411296	455.115001	3.065957	296	39	#69ff7fffffffffffff97	102	"(95, 304, 24)-(97, 304, 23)"	1.585994	4.08686	3	NA	4.220340645
patient4.gd	"(101, 313, 23)-(103, 314, 22)"	3.405371	12.396128	1.07643	11	4	#7dff7fffffffffffff83	5	"(97, 304, 23)-(101, 313, 23)"	0.351091	0.220966	2	NA	NA
patient4.gd	"(103, 314, 22)-(109, 313, 18)"	12.205082	281.569203	2.709863	204	45	#ff0066	4	"(101, 313, 23)-(103, 314, 22)"	2.517453	3.584068	2	0.664909742	0.688573386
patient4.gd	"(109, 313, 18)-(113, 309, 17)"	7.966173	30.104883	1.096778	18	1	#b700ff	1	"(103, 314, 22)-(109, 313, 18)"	0.404736	0.652693	0	NA	NA
patient4.gd	"(109, 313, 18)-(110, 314, 18)"	1.67332	3.541751	0.820814	2	0	#ff001b	3	"(103, 314, 22)-(109, 313, 18)"	0.302899	0.1371	2	NA	NA
patient4.gd	"(110, 314, 18)-(111, 314, 19)"	1.732051	3.541751	0.806777	2	0	#b4ff7fffffffffffff4c	2	"(109, 313, 18)-(110, 314, 18)"	0.9829	1.035098	2	NA	NA
patient4.gd	"(111, 314, 19)-(115, 315, 17)"	6.320638	21.250506	1.034497	12	0	#ff00e7	1	"(110, 314, 18)-(111, 314, 19)"	1.282258	3.649222	0	NA	NA
patient4.gd	"(111, 314, 19)-(114, 317, 18)"	14.879319	196.567179	2.050638	149	38	#ed00ff	1	"(110, 314, 18)-(111, 314, 19)"	2.541764	8.590579	0	NA	NA
patient4.gd	"(109, 317, 19)-(110, 314, 18)"	4.46405	31.875759	1.507616	27	9	#0073ff	1	"(109, 313, 18)-(110, 314, 18)"	1.836734	2.66778	0	NA	NA
patient4.gd	"(100, 317, 17)-(103, 314, 22)"	9.025821	154.066168	2.330963	101	14	#00ff46	1	"(101, 313, 23)-(103, 314, 22)"	2.165456	2.650466	0	NA	NA
patient4.gd	"(101, 313, 23)-(103, 313, 31)"	11.784702	426.780993	3.395223	283	42	#ffe07ffffffffffffee3	96	"(97, 304, 23)-(101, 313, 23)"	1.107394	0.764679	2	NA	NA
patient4.gd	"(103, 313, 31)-(107, 312, 31)"	6.320638	230.213814	3.404947	196	66	#f3ff7fffffffffffff0d	4	"(101, 313, 23)-(103, 313, 31)"	1.002864	0.536343	2	NA	NA
patient4.gd	"(107, 312, 31)-(117, 296, 26)"	41.271752	1715.97835	3.637931	1211	242	#08ff7ffffffffffffff8	2	"(103, 313, 31)-(107, 312, 31)"	1.068425	6.529682	2	0.997453617	0.435962041
patient4.gd	"(117, 296, 26)-(122, 301, 28)"	9.215196	106.252529	1.915766	83	23	#32ff7fffffffffffffce	1	"(107, 312, 31)-(117, 296, 26)"	0.526609	0.223281	0	NA	NA
patient4.gd	"(117, 296, 26)-(120, 297, 22)"	7.659337	70.83502	1.715748	51	11	#ff007c	1	"(107, 312, 31)-(117, 296, 26)"	0.471627	0.185583	0	NA	NA
patient4.gd	"(107, 312, 31)-(109, 312, 29)"	4.195235	40.730136	1.757943	40	17	#cbff7fffffffffffff35	2	"(103, 313, 31)-(107, 312, 31)"	0.516291	0.663736	2	NA	NA
patient4.gd	"(109, 312, 29)-(118, 317, 29)"	16.991994	506.47039	3.080207	406	120	#cdff7fffffffffffff33	1	"(107, 312, 31)-(109, 312, 29)"	1.752165	4.050308	0	NA	NA
patient4.gd	"(109, 312, 29)-(111, 317, 25)"	8.96709	239.068191	2.913132	190	55	#ffd57ffffffffffffed8	1	"(107, 312, 31)-(109, 312, 29)"	1.657125	2.137446	0	NA	NA
patient4.gd	"(101, 307, 33)-(103, 313, 31)"	13.379485	656.994807	3.953542	503	132	#00bdff	92	"(101, 313, 23)-(103, 313, 31)"	1.164442	1.135327	2	NA	NA
patient4.gd	"(101, 307, 33)-(104, 290, 36)"	30.249887	2038.277689	4.631214	1480	329	#ff0029	72	"(101, 307, 33)-(103, 313, 31)"	1.171409	2.260916	2	1.326793124	0.599857128
patient4.gd	"(104, 290, 36)-(115, 285, 33)"	17.112401	720.746324	3.661515	468	61	#c0ff7fffffffffffff40	71	"(101, 307, 33)-(104, 290, 36)"	0.790617	0.565701	2	1.79826393	NA
patient4.gd	"(115, 285, 33)-(131, 295, 28)"	30.273757	306.36146	1.794771	227	54	#ff00e3	1	"(104, 290, 36)-(115, 285, 33)"	0.490172	1.769112	0	NA	NA
patient4.gd	"(115, 285, 33)-(118, 279, 33)"	8.569608	251.46432	3.056207	164	22	#0010ff	70	"(104, 290, 36)-(115, 285, 33)"	0.834684	0.500784	2	8.820982009	NA
patient4.gd	"(118, 279, 33)-(122, 280, 28)"	11.92121	207.192432	2.352079	135	18	#8300ff	1	"(115, 285, 33)-(118, 279, 33)"	0.769607	1.391103	0	NA	NA
patient4.gd	"(117, 276, 36)-(118, 279, 33)"	5.561719	159.378794	3.020201	123	33	#ff007a	69	"(115, 285, 33)-(118, 279, 33)"	0.988219	0.649005	2	NA	NA
patient4.gd	"(117, 276, 36)-(118, 275, 38)"	3.464102	14.167004	1.140956	11	3	#f5ff7fffffffffffff0b	28	"(117, 276, 36)-(118, 279, 33)"	0.377775	0.622847	2	NA	NA
patient4.gd	"(118, 275, 38)-(122, 272, 34)"	8.024904	223.130312	2.974983	170	44	#ff000d	7	"(117, 276, 36)-(118, 275, 38)"	2.607448	2.31659	2	0.717119021	NA
patient4.gd	"(122, 272, 34)-(132, 260, 41)"	23.860498	185.941926	1.574976	147	42	#3e00ff	3	"(118, 275, 38)-(122, 272, 34)"	0.529407	2.973306	2	0.93458882	0.32763355
patient4.gd	"(132, 260, 41)-(134, 261, 43)"	3.829669	7.083502	0.767306	5	1	#00ffaa	1	"(122, 272, 34)-(132, 260, 41)"	0.487186	0.160502	0	NA	NA
patient4.gd	"(131, 259, 42)-(132, 260, 41)"	2.097618	3.541751	0.733113	2	0	#00ff03	2	"(122, 272, 34)-(132, 260, 41)"	0.465476	0.087912	2	NA	NA
patient4.gd	"(131, 259, 42)-(132, 258, 42)"	1.67332	3.541751	0.820814	2	0	#00ff57	1	"(131, 259, 42)-(132, 260, 41)"	1.119628	0.797724	0	NA	NA
patient4.gd	"(126, 252, 48)-(131, 259, 42)"	13.403355	15.937879	0.615224	9	0	#6dff7fffffffffffff93	1	"(131, 259, 42)-(132, 260, 41)"	0.839195	6.389799	0	NA	NA
patient4.gd	"(122, 272, 34)-(123, 271, 33)"	2.097618	3.541751	0.733113	2	0	#7aff7fffffffffffff86	4	"(118, 275, 38)-(122, 272, 34)"	0.246426	0.261389	2	NA	NA
patient4.gd	"(123, 271, 33)-(125, 273, 33)"	3.34664	23.021381	1.479743	15	2	#ff407ffffffffffffe43	2	"(122, 272, 34)-(123, 271, 33)"	2.018438	1.595448	2	NA	NA
patient4.gd	"(125, 273, 33)-(134, 273, 32)"	12.295448	67.293269	1.319893	49	11	#0093ff	1	"(123, 271, 33)-(125, 273, 33)"	0.891975	3.673968	0	NA	NA
patient4.gd	"(125, 273, 33)-(126, 273, 27)"	9.823592	69.064144	1.495947	51	12	#ff0055	1	"(123, 271, 33)-(125, 273, 33)"	1.010951	2.93536	0	NA	NA
patient4.gd	"(123, 271, 33)-(125, 268, 30)"	5.927286	60.209767	1.798169	41	7	#c8ff7fffffffffffff38	2	"(122, 272, 34)-(123, 271, 33)"	2.452786	2.825723	2	0.935310161	NA
patient4.gd	"(125, 268, 30)-(126, 269, 30)"	1.67332	3.541751	0.820814	2	0	#00e9ff	1	"(123, 271, 33)-(125, 268, 30)"	0.456472	0.282308	0	NA	NA
patient4.gd	"(124, 263, 26)-(125, 268, 30)"	8.476986	21.250506	0.893283	12	0	#e0ff7fffffffffffff20	1	"(123, 271, 33)-(125, 268, 30)"	0.496773	1.430163	0	NA	NA
patient4.gd	"(118, 275, 38)-(119, 277, 39)"	3.405371	113.336031	3.254819	94	30	#00c4ff	21	"(117, 276, 36)-(118, 275, 38)"	2.852713	0.983046	2	NA	NA
patient4.gd	"(119, 277, 39)-(126, 264, 43)"	20.758801	200.10893	1.75169	142	29	#00ff74	2	"(118, 275, 38)-(119, 277, 39)"	0.538183	6.0959	2	0.946191868	1.112414898
patient4.gd	"(126, 264, 43)-(132, 251, 41)"	19.295565	54.89714	0.951637	31	0	#fff87ffffffffffffefb	1	"(119, 277, 39)-(126, 264, 43)"	0.543268	0.929512	0	NA	NA
patient4.gd	"(126, 264, 43)-(127, 263, 44)"	2.097618	3.541751	0.733113	2	0	#dcff7fffffffffffff24	1	"(119, 277, 39)-(126, 264, 43)"	0.418518	0.101047	0	NA	NA
patient4.gd	"(119, 277, 39)-(122, 281, 41)"	7.051771	251.46432	3.369102	190	48	#0074ff	19	"(118, 275, 38)-(119, 277, 39)"	1.035112	2.070779	2	1.173956543	NA
patient4.gd	"(122, 281, 41)-(128, 274, 43)"	12.071732	157.607919	2.038587	118	29	#009dff	2	"(119, 277, 39)-(122, 281, 41)"	0.605083	1.711872	2	0.697639779	NA
patient4.gd	"(128, 274, 43)-(139, 271, 46)"	16.863326	37.188385	0.837832	21	0	#c200ff	1	"(122, 281, 41)-(128, 274, 43)"	0.410987	1.396927	0	NA	NA
patient4.gd	"(127, 270, 45)-(128, 274, 43)"	6.1961	8.854377	0.674442	5	0	#ff0020	1	"(122, 281, 41)-(128, 274, 43)"	0.330838	0.513274	0	NA	NA
patient4.gd	"(122, 281, 41)-(124, 283, 41)"	3.34664	30.104883	1.692151	25	8	#cfff7fffffffffffff31	17	"(119, 277, 39)-(122, 281, 41)"	0.502256	0.474581	2	NA	NA
patient4.gd	"(124, 283, 41)-(126, 286, 41)"	4.529856	72.605895	2.258753	54	13	#0032ff	16	"(122, 281, 41)-(124, 283, 41)"	1.334842	1.353553	2	1.363710843	NA
patient4.gd	"(126, 286, 41)-(132, 288, 35)"	12.695186	134.586537	1.836988	107	31	#ff00e7	1	"(124, 283, 41)-(126, 286, 41)"	0.813275	2.802558	0	NA	NA
patient4.gd	"(126, 286, 41)-(126, 287, 42)"	1.732051	3.541751	0.806777	2	0	#0079ff	15	"(124, 283, 41)-(126, 286, 41)"	0.357178	0.382363	2	NA	NA
patient4.gd	"(126, 287, 42)-(129, 284, 53)"	18.280701	102.710778	1.337324	65	7	#a7ff7fffffffffffff59	1	"(126, 286, 41)-(126, 287, 42)"	1.657612	10.554367	0	NA	NA
patient4.gd	"(126, 287, 42)-(127, 289, 42)"	2.856536	38.959261	2.083582	27	5	#00ff6f	14	"(126, 286, 41)-(126, 287, 42)"	2.582598	1.649222	2	NA	NA
patient4.gd	"(127, 289, 42)-(129, 291, 44)"	4.195235	28.334008	1.466226	20	4	#70ff7fffffffffffff90	1	"(126, 287, 42)-(127, 289, 42)"	0.703705	1.468644	0	NA	NA
patient4.gd	"(127, 289, 42)-(127, 295, 40)"	9.052636	286.881829	3.176063	176	14	#a3ff7fffffffffffff5d	13	"(126, 287, 42)-(127, 289, 42)"	1.524328	3.169096	2	1.186928729	1.800634258
patient4.gd	"(127, 295, 40)-(128, 297, 38)"	3.829669	26.563132	1.485881	20	5	#ffeb7ffffffffffffeee	2	"(127, 289, 42)-(127, 295, 40)"	0.467838	0.423045	2	6.028562232	NA
patient4.gd	"(128, 297, 38)-(135, 300, 31)"	13.95219	77.918522	1.333289	46	2	#ffda7ffffffffffffedd	1	"(127, 295, 40)-(128, 297, 38)"	0.897305	3.643185	0	NA	NA
patient4.gd	"(128, 297, 38)-(128, 307, 37)"	14.334335	77.918522	1.315396	47	3	#00f8ff	1	"(127, 295, 40)-(128, 297, 38)"	0.885263	3.74297	0	NA	NA
patient4.gd	"(126, 300, 43)-(127, 295, 40)"	7.928151	104.481654	2.048138	64	5	#8dff7fffffffffffff73	11	"(127, 289, 42)-(127, 295, 40)"	0.644867	0.875784	2	NA	0.808277005
patient4.gd	"(126, 300, 43)-(127, 301, 42)"	2.097618	3.541751	0.733113	2	0	#77ff7fffffffffffff89	5	"(126, 300, 43)-(127, 295, 40)"	0.357941	0.264578	2	NA	NA
patient4.gd	"(127, 301, 42)-(131, 308, 40)"	11.216061	90.31465	1.600973	52	1	#00ff83	2	"(126, 300, 43)-(127, 301, 42)"	2.183801	5.347047	2	3.114102114	2.694621342
patient4.gd	"(131, 308, 40)-(138, 309, 40)"	8.772616	17.708755	0.801594	10	0	#00ff1f	1	"(127, 301, 42)-(131, 308, 40)"	0.500692	0.782148	0	NA	NA
patient4.gd	"(131, 308, 40)-(132, 312, 40)"	8.569608	63.751518	1.538827	36	0	#ff0090	1	"(127, 301, 42)-(131, 308, 40)"	0.961183	0.764048	0	NA	NA
patient4.gd	"(127, 301, 42)-(127, 308, 44)"	9.380181	102.710778	1.866928	60	2	#ff00b6	3	"(126, 300, 43)-(127, 301, 42)"	2.546575	4.471826	2	0.790370379	0.43105033
patient4.gd	"(127, 308, 44)-(128, 309, 44)"	1.67332	3.541751	0.820814	2	0	#6c00ff	1	"(127, 301, 42)-(127, 308, 44)"	0.43966	0.178389	0	NA	NA
patient4.gd	"(126, 309, 45)-(127, 308, 44)"	2.097618	3.541751	0.733113	2	0	#79ff7fffffffffffff87	2	"(127, 301, 42)-(127, 308, 44)"	0.392684	0.223622	2	NA	NA
patient4.gd	"(126, 309, 45)-(130, 317, 52)"	17.159235	79.689397	1.21584	61	16	#6dff7fffffffffffff93	1	"(126, 309, 45)-(127, 308, 44)"	1.658462	8.180345	0	NA	NA
patient4.gd	"(123, 317, 46)-(126, 309, 45)"	11.360338	99.169027	1.66693	61	5	#09ff7ffffffffffffff7	1	"(126, 309, 45)-(127, 308, 44)"	2.27377	5.415828	0	NA	NA
patient4.gd	"(125, 299, 46)-(126, 300, 43)"	4.729013	65.522393	2.100074	59	22	#0500ff	6	"(126, 300, 43)-(127, 295, 40)"	1.025358	0.596484	2	0.936744187	1.330437558
patient4.gd	"(125, 299, 46)-(126, 298, 48)"	3.464102	17.708755	1.275627	10	0	#00ff37	5	"(125, 299, 46)-(126, 300, 43)"	0.60742	0.732521	2	NA	NA
patient4.gd	"(126, 298, 48)-(130, 296, 52)"	7.659337	42.501012	1.329013	24	0	#3700ff	2	"(125, 299, 46)-(126, 298, 48)"	1.04185	2.21106	2	1.60029764	NA
patient4.gd	"(130, 296, 52)-(137, 296, 51)"	9.687018	19.47963	0.800056	11	0	#ff427ffffffffffffe45	1	"(126, 298, 48)-(130, 296, 52)"	0.601993	1.264733	0	NA	NA
patient4.gd	"(130, 296, 52)-(134, 291, 55)"	9.967038	26.563132	0.921047	15	0	#ffc67ffffffffffffec9	1	"(126, 298, 48)-(130, 296, 52)"	0.693031	1.301293	0	NA	NA
patient4.gd	"(125, 297, 50)-(126, 298, 48)"	3.464102	14.167004	1.140956	8	0	#0045ff	3	"(125, 299, 46)-(126, 298, 48)"	0.894427	1	2	2.82680981	NA
patient4.gd	"(125, 297, 50)-(128, 301, 54)"	8.024904	23.021381	0.955588	13	0	#00ffec	1	"(125, 297, 50)-(126, 298, 48)"	0.837533	2.31659	0	NA	NA
patient4.gd	"(124, 296, 50)-(125, 297, 50)"	1.67332	3.541751	0.820814	2	0	#43ff7fffffffffffffbd	2	"(125, 297, 50)-(126, 298, 48)"	0.719409	0.483046	2	NA	NA
patient4.gd	"(123, 286, 55)-(124, 296, 50)"	14.941901	30.104883	0.800831	33	16	#00feff	1	"(124, 296, 50)-(125, 297, 50)"	0.975654	8.929494	0	NA	NA
patient4.gd	"(120, 303, 52)-(124, 296, 50)"	11.216061	38.959261	1.051502	26	4	#00ff6d	1	"(124, 296, 50)-(125, 297, 50)"	1.281049	6.702878	0	NA	NA
patient4.gd	"(124, 298, 47)-(125, 299, 46)"	2.097618	3.541751	0.733113	2	0	#ff467ffffffffffffe49	1	"(125, 299, 46)-(126, 300, 43)"	0.349089	0.443564	0	NA	NA
patient4.gd	"(124, 283, 41)-(124, 286, 46)"	9.391388	198.338055	2.592765	152	40	#00ff78	1	"(122, 281, 41)-(124, 283, 41)"	1.532231	2.806214	0	NA	NA
patient4.gd	"(108, 272, 31)-(117, 276, 36)"	17.050725	1273.259477	4.875421	849	130	#00ffbe	41	"(117, 276, 36)-(118, 279, 33)"	1.61427	3.065729	2	3.660891817	1.025709639
patient4.gd	"(108, 272, 31)-(111, 269, 28)"	7.133467	270.94395	3.477078	218	65	#00ff9f	1	"(108, 272, 31)-(117, 276, 36)"	0.713185	0.418367	0	NA	NA
patient4.gd	"(107, 278, 26)-(108, 272, 31)"	10.209037	632.20255	4.439773	473	116	#ff000e	40	"(108, 272, 31)-(117, 276, 36)"	0.910644	0.598745	2	8.57926904	NA
patient4.gd	"(107, 278, 26)-(109, 282, 22)"	8.375413	386.050857	3.830401	343	125	#2600ff	13	"(107, 278, 26)-(108, 272, 31)"	0.862747	0.820392	2	1.12632167	NA
patient4.gd	"(109, 282, 22)-(109, 283, 21)"	1.732051	3.541751	0.806777	2	0	#00d6ff	12	"(107, 278, 26)-(109, 282, 22)"	0.210625	0.206802	2	NA	NA
patient4.gd	"(109, 283, 21)-(114, 280, 21)"	10.063791	295.736207	3.058416	234	67	#ff00c7	1	"(109, 282, 22)-(109, 283, 21)"	3.790904	5.810332	0	NA	NA
patient4.gd	"(108, 283, 19)-(109, 283, 21)"	3.829669	28.334008	1.534612	27	11	#00ff98	11	"(109, 282, 22)-(109, 283, 21)"	1.90215	2.21106	2	NA	NA
patient4.gd	"(108, 283, 19)-(108, 285, 18)"	2.915267	83.231148	3.014594	83	36	#ff217ffffffffffffe24	8	"(108, 283, 19)-(109, 283, 21)"	1.964402	0.761232	2	2.082553277	NA
patient4.gd	"(108, 285, 18)-(115, 288, 15)"	13.95219	352.404222	2.835466	296	97	#ff007ffffffffffffe03	1	"(108, 283, 19)-(108, 285, 18)"	0.94058	4.785905	0	NA	NA
patient4.gd	"(107, 287, 18)-(108, 285, 18)"	2.856536	10.625253	1.088115	8	2	#00ff04	7	"(108, 283, 19)-(108, 285, 18)"	0.360949	0.979854	2	NA	NA
patient4.gd	"(107, 287, 18)-(109, 291, 15)"	7.110502	150.524417	2.595843	117	32	#00ffdf	5	"(107, 287, 18)-(108, 285, 18)"	2.385633	2.489204	2	NA	3.144850193
patient4.gd	"(109, 291, 15)-(109, 294, 15)"	5.378451	86.772899	2.266149	78	29	#ff0075	3	"(107, 287, 18)-(109, 291, 15)"	0.872992	0.756409	2	NA	NA
patient4.gd	"(109, 294, 15)-(114, 296, 18)"	8.542793	231.984689	2.940051	184	53	#ff0012	1	"(109, 291, 15)-(109, 294, 15)"	1.297377	1.588337	0	NA	NA
patient4.gd	"(105, 300, 12)-(109, 294, 15)"	11.312813	456.885876	3.58545	306	48	#bbff7fffffffffffff45	2	"(109, 291, 15)-(109, 294, 15)"	1.582177	2.103359	2	1.207584483	NA
patient4.gd	"(105, 300, 12)-(108, 305, 11)"	8.628339	131.044786	2.198727	111	37	#ff0097	1	"(105, 300, 12)-(109, 294, 15)"	0.613236	0.762705	0	NA	NA
patient4.gd	"(100, 308, 11)-(105, 300, 12)"	16.535781	175.316673	1.837064	140	41	#90ff7fffffffffffff70	1	"(105, 300, 12)-(109, 294, 15)"	0.512366	1.461686	0	NA	NA
patient4.gd	"(108, 292, 11)-(109, 291, 15)"	5.993924	146.982666	2.793846	111	28	#00f8ff	2	"(107, 287, 18)-(109, 291, 15)"	1.076277	0.842968	2	2.268526016	NA
patient4.gd	"(108, 292, 11)-(109, 295, 8)"	5.561719	47.813638	1.654232	51	24	#ff8c7ffffffffffffe8f	1	"(108, 292, 11)-(109, 291, 15)"	0.592098	0.927893	0	NA	NA
patient4.gd	"(105, 289, 7)-(108, 292, 11)"	7.659337	136.357413	2.380504	125	48	#00fcff	1	"(108, 292, 11)-(109, 291, 15)"	0.852052	1.27785	0	NA	NA
patient4.gd	"(100, 291, 15)-(107, 287, 18)"	12.496029	485.219884	3.515672	332	58	#00c4ff	2	"(107, 287, 18)-(108, 285, 18)"	3.230974	4.374539	2	0.801973347	1.765384001
patient4.gd	"(100, 291, 15)-(100, 296, 10)"	10.948077	122.190409	1.884841	107	38	#00ffb2	1	"(100, 291, 15)-(107, 287, 18)"	0.536125	0.876125	0	NA	NA
patient4.gd	"(97, 290, 13)-(100, 291, 15)"	5.137422	19.47963	1.098608	17	6	#00ff25	1	"(100, 291, 15)-(107, 287, 18)"	0.312489	0.411124	0	NA	NA
patient4.gd	"(101, 284, 15)-(108, 283, 19)"	12.55476	722.5172	4.280012	525	117	#8600ff	3	"(108, 283, 19)-(109, 283, 21)"	2.788987	3.278289	2	1.08906098	0.773343143
patient4.gd	"(101, 284, 15)-(101, 285, 13)"	2.996962	33.646634	1.890407	22	3	#ff0066	2	"(101, 284, 15)-(108, 283, 19)"	0.441683	0.238711	2	6.073022405	NA
patient4.gd	"(101, 285, 13)-(103, 285, 11)"	4.195235	40.730136	1.757943	33	10	#0091ff	1	"(101, 284, 15)-(101, 285, 13)"	0.929929	1.399829	0	NA	NA
patient4.gd	"(98, 291, 10)-(101, 285, 13)"	9.967038	79.689397	1.5953	61	16	#ffb27ffffffffffffeb5	1	"(101, 284, 15)-(101, 285, 13)"	0.843892	3.325714	0	NA	NA
patient4.gd	"(97, 283, 14)-(101, 284, 15)"	7.476069	162.920545	2.633761	124	32	#005dff	1	"(101, 284, 15)-(108, 283, 19)"	0.615363	0.595477	0	NA	NA
patient4.gd	"(108, 289, 25)-(109, 282, 22)"	13.834729	455.115001	3.235939	339	82	#00ff20	1	"(107, 278, 26)-(109, 282, 22)"	0.844804	1.651826	0	NA	NA
patient4.gd	"(98, 283, 31)-(107, 278, 26)"	17.267884	989.919399	4.271746	719	160	#1bff7fffffffffffffe5	27	"(107, 278, 26)-(108, 272, 31)"	0.962154	1.691431	2	NA	NA
patient4.gd	"(98, 283, 31)-(101, 287, 32)"	7.600606	201.879806	2.907685	140	26	#ff00ac	1	"(98, 283, 31)-(107, 278, 26)"	0.680678	0.440159	0	NA	NA
patient4.gd	"(82, 285, 33)-(98, 283, 31)"	25.647148	1607.954945	4.467273	1067	159	#0058ff	26	"(98, 283, 31)-(107, 278, 26)"	1.045772	1.485251	2	0.994365432	0.596071785
patient4.gd	"(82, 285, 33)-(84, 290, 29)"	8.96709	69.064144	1.565762	64	25	#ff0055	1	"(82, 285, 33)-(98, 283, 31)"	0.350496	0.349633	0	NA	NA
patient4.gd	"(79, 282, 34)-(82, 285, 33)"	7.110502	185.941926	2.885118	142	37	#ff004c	25	"(82, 285, 33)-(98, 283, 31)"	0.645834	0.277243	2	2.333242172	NA
patient4.gd	"(76, 279, 33)-(79, 282, 34)"	5.444258	54.89714	1.791557	53	22	#00ff77	4	"(79, 282, 34)-(82, 285, 33)"	0.620965	0.765664	2	NA	1.307864087
patient4.gd	"(75, 280, 33)-(76, 279, 33)"	1.67332	3.541751	0.820814	2	0	#ff00dd	1	"(76, 279, 33)-(79, 282, 34)"	0.458157	0.307355	0	NA	NA
patient4.gd	"(74, 276, 33)-(76, 279, 33)"	4.529856	51.355389	1.89966	39	10	#00ffe2	3	"(76, 279, 33)-(79, 282, 34)"	1.06034	0.832043	2	4.557654359	NA
patient4.gd	"(72, 276, 32)-(74, 276, 33)"	2.915267	26.563132	1.703043	18	3	#ff002d	2	"(74, 276, 33)-(76, 279, 33)"	0.896499	0.643567	2	2.215752368	NA
patient4.gd	"(72, 276, 32)-(74, 274, 30)"	5.137422	19.47963	1.098608	12	1	#00ddff	1	"(72, 276, 32)-(74, 276, 33)"	0.645085	1.762248	0	NA	NA
patient4.gd	"(67, 277, 29)-(72, 276, 32)"	8.659285	51.355389	1.373969	34	5	#00ffb6	1	"(72, 276, 32)-(74, 276, 33)"	0.806773	2.970323	0	NA	NA
patient4.gd	"(70, 255, 47)-(74, 276, 33)"	35.565238	267.402199	1.547016	159	8	#ff5f7ffffffffffffe62	1	"(74, 276, 33)-(76, 279, 33)"	0.814364	7.851295	0	NA	NA
patient4.gd	"(74, 287, 33)-(79, 282, 34)"	10.581679	196.567179	2.431662	136	25	#af00ff	21	"(79, 282, 34)-(82, 285, 33)"	0.842829	1.488176	2	1.481780533	NA
patient4.gd	"(72, 280, 30)-(74, 287, 33)"	13.151119	58.438891	1.189309	41	8	#00fff9	1	"(74, 287, 33)-(79, 282, 34)"	0.489093	1.24282	0	NA	NA
patient4.gd	"(71, 287, 34)-(74, 287, 33)"	5.078691	53.126265	1.824752	36	6	#0042ff	20	"(74, 287, 33)-(79, 282, 34)"	0.750413	0.479951	2	NA	NA
patient4.gd	"(70, 288, 34)-(71, 287, 34)"	1.67332	3.541751	0.820814	2	0	#9eff7fffffffffffff62	9	"(71, 287, 34)-(74, 287, 33)"	0.449822	0.329479	2	NA	NA
patient4.gd	"(68, 290, 30)-(70, 288, 34)"	9.20812	54.89714	1.377572	39	8	#0079ff	1	"(70, 288, 34)-(71, 287, 34)"	1.678301	5.502904	0	NA	NA
patient4.gd	"(68, 289, 35)-(70, 288, 34)"	3.405371	23.021381	1.466927	19	6	#ff005e	8	"(70, 288, 34)-(71, 287, 34)"	1.787162	2.035098	2	NA	NA
patient4.gd	"(62, 297, 40)-(68, 289, 35)"	14.652378	332.924592	2.689329	196	8	#ff5f7ffffffffffffe62	7	"(68, 289, 35)-(70, 288, 34)"	1.833308	4.302726	2	2.38751814	0.970001137
patient4.gd	"(62, 297, 40)-(62, 299, 43)"	5.561719	70.83502	2.013467	45	5	#ff317ffffffffffffe34	5	"(62, 297, 40)-(68, 289, 35)"	0.748688	0.379578	2	NA	NA
patient4.gd	"(59, 311, 47)-(62, 299, 43)"	18.47084	255.006071	2.096317	144	0	#0080ff	4	"(62, 297, 40)-(62, 299, 43)"	1.041148	3.321067	2	0.975378653	0.614092405
patient4.gd	"(59, 311, 47)-(64, 316, 49)"	9.908307	35.41751	1.06668	26	6	#0046ff	1	"(59, 311, 47)-(62, 299, 43)"	0.508835	0.53643	0	NA	NA
patient4.gd	"(58, 313, 47)-(59, 311, 47)"	2.856536	8.854377	0.993309	5	0	#13ff7fffffffffffffed	3	"(59, 311, 47)-(62, 299, 43)"	0.473835	0.154651	2	NA	NA
patient4.gd	"(58, 313, 47)-(59, 314, 48)"	2.097618	3.541751	0.733113	2	0	#ffd77ffffffffffffeda	2	"(58, 313, 47)-(59, 311, 47)"	0.738052	0.734322	2	NA	NA
patient4.gd	"(58, 317, 49)-(59, 314, 48)"	4.46405	40.730136	1.704192	24	1	#fff37ffffffffffffef6	1	"(58, 313, 47)-(59, 314, 48)"	2.324597	2.128152	0	NA	NA
patient4.gd	"(58, 311, 54)-(59, 314, 48)"	10.189159	24.792257	0.880063	14	0	#ff357ffffffffffffe38	1	"(58, 313, 47)-(59, 314, 48)"	1.200447	4.857491	0	NA	NA
patient4.gd	"(53, 317, 46)-(58, 313, 47)"	8.300794	58.438891	1.496981	34	1	#5000ff	1	"(58, 313, 47)-(59, 311, 47)"	1.507065	2.905895	0	NA	NA
patient4.gd	"(59, 297, 45)-(62, 299, 43)"	5.378451	19.47963	1.07371	12	1	#00b5ff	1	"(62, 297, 40)-(62, 299, 43)"	0.533264	0.967048	0	NA	NA
patient4.gd	"(57, 302, 39)-(62, 297, 40)"	8.790898	111.565156	2.009892	88	25	#c9ff7fffffffffffff37	2	"(62, 297, 40)-(68, 289, 35)"	0.747358	0.599964	2	1.054314577	NA
patient4.gd	"(52, 301, 42)-(57, 302, 39)"	7.928151	24.792257	0.997693	14	0	#ff797ffffffffffffe7c	1	"(57, 302, 39)-(62, 297, 40)"	0.496392	0.901859	0	NA	NA
patient4.gd	"(38, 313, 37)-(57, 302, 39)"	28.720844	106.252529	1.085166	60	0	#3600ff	1	"(57, 302, 39)-(62, 297, 40)"	0.539912	3.267111	0	NA	NA
patient4.gd	"(60, 294, 31)-(68, 289, 35)"	13.737976	104.481654	1.555907	71	12	#b2ff7fffffffffffff4e	1	"(68, 289, 35)-(70, 288, 34)"	1.060657	4.034208	0	NA	NA
patient4.gd	"(69, 284, 36)-(71, 287, 34)"	5.378451	56.668016	1.831325	38	6	#ff5b7ffffffffffffe5e	11	"(71, 287, 34)-(74, 287, 33)"	1.003602	1.059023	2	1.73154042	NA
patient4.gd	"(68, 283, 37)-(69, 284, 36)"	2.097618	3.541751	0.733113	2	0	#00ff03	10	"(69, 284, 36)-(71, 287, 34)"	0.400318	0.390004	2	NA	NA
patient4.gd	"(68, 283, 37)-(68, 286, 42)"	7.725975	92.085525	1.947799	53	1	#56ff7fffffffffffffaa	2	"(68, 283, 37)-(69, 284, 36)"	2.656888	3.683214	2	1.464021319	NA
patient4.gd	"(68, 286, 42)-(70, 282, 50)"	12.820554	51.355389	1.129184	29	0	#ff8f7ffffffffffffe92	1	"(68, 283, 37)-(68, 286, 42)"	0.579723	1.659409	0	NA	NA
patient4.gd	"(55, 286, 47)-(68, 286, 42)"	21.526532	113.336031	1.29456	64	0	#0092ff	1	"(68, 283, 37)-(68, 286, 42)"	0.664627	2.786255	0	NA	NA
patient4.gd	"(66, 281, 37)-(68, 283, 37)"	3.34664	21.250506	1.421691	13	1	#0078ff	8	"(68, 283, 37)-(69, 284, 36)"	1.939252	1.595448	2	1.261859507	1
patient4.gd	"(66, 281, 37)-(67, 280, 37)"	1.67332	3.541751	0.820814	2	0	#b5ff7fffffffffffff4b	7	"(66, 281, 37)-(68, 283, 37)"	0.57735	0.5	2	NA	NA
patient4.gd	"(67, 280, 37)-(68, 278, 39)"	3.829669	8.854377	0.857874	6	1	#ff057ffffffffffffe08	2	"(66, 281, 37)-(67, 280, 37)"	1.045151	2.288665	2	13.92596337	NA
patient4.gd	"(68, 278, 39)-(70, 277, 40)"	3.405371	7.083502	0.813705	4	0	#ff677ffffffffffffe6a	1	"(67, 280, 37)-(68, 278, 39)"	0.948513	0.889208	0	NA	NA
patient4.gd	"(46, 262, 49)-(68, 278, 39)"	42.89675	90.31465	0.818638	51	0	#c7ff7fffffffffffff39	1	"(67, 280, 37)-(68, 278, 39)"	0.954264	11.201165	0	NA	NA
patient4.gd	"(64, 274, 37)-(67, 280, 37)"	9.667278	40.730136	1.15806	23	0	#a300ff	5	"(66, 281, 37)-(67, 280, 37)"	1.410868	5.777303	2	NA	NA
patient4.gd	"(63, 259, 43)-(64, 274, 37)"	22.387024	113.336031	1.269436	64	0	#00ff63	4	"(64, 274, 37)-(67, 280, 37)"	1.096175	2.315753	2	2.967390611	0.613488569
patient4.gd	"(63, 253, 42)-(63, 259, 43)"	7.648131	28.334008	1.085929	16	0	#0600ff	2	"(63, 259, 43)-(64, 274, 37)"	0.855442	0.341632	2	2.249171091	NA
patient4.gd	"(63, 253, 42)-(67, 247, 44)"	9.908307	21.250506	0.826247	12	0	#00ff88	1	"(63, 253, 42)-(63, 259, 43)"	0.760867	1.29552	0	NA	NA
patient4.gd	"(58, 247, 42)-(63, 253, 42)"	9.549816	17.708755	0.768284	10	0	#0057ff	1	"(63, 253, 42)-(63, 259, 43)"	0.70749	1.248647	0	NA	NA
patient4.gd	"(62, 256, 47)-(63, 259, 43)"	6.82663	17.708755	0.90869	10	0	#ff0026	2	"(63, 259, 43)-(64, 274, 37)"	0.715822	0.304937	2	NA	NA
patient4.gd	"(62, 256, 47)-(65, 254, 49)"	5.378451	7.083502	0.647471	4	0	#0097ff	1	"(62, 256, 47)-(63, 259, 43)"	0.712532	0.787863	0	NA	NA
patient4.gd	"(58, 253, 52)-(62, 256, 47)"	9.391388	35.41751	1.095643	20	0	#ff00bc	1	"(62, 256, 47)-(63, 259, 43)"	1.205739	1.375699	0	NA	NA
patient4.gd	"(60, 272, 39)-(64, 274, 37)"	6.686205	14.167004	0.821248	8	0	#ff857ffffffffffffe88	1	"(64, 274, 37)-(67, 280, 37)"	0.709159	0.691633	0	NA	NA
patient4.gd	"(65, 280, 37)-(66, 281, 37)"	1.67332	3.541751	0.820814	2	0	#7aff7fffffffffffff86	1	"(66, 281, 37)-(68, 283, 37)"	0.57735	0.5	0	NA	NA
patient4.gd	"(63, 282, 31)-(69, 284, 36)"	16.209067	131.044786	1.60419	87	13	#00ff07	1	"(69, 284, 36)-(71, 287, 34)"	0.875973	3.013705	0	NA	NA
patient4.gd	"(104, 290, 36)-(106, 289, 38)"	3.829669	35.41751	1.715748	25	5	#00ff1a	1	"(101, 307, 33)-(104, 290, 36)"	0.370475	0.126601	0	NA	NA
patient4.gd	"(89, 313, 34)-(101, 307, 33)"	19.074275	1248.46722	4.564462	848	143	#00e9ff	20	"(101, 307, 33)-(103, 313, 31)"	1.154525	1.425636	2	1.032895038	0.597436531
patient4.gd	"(87, 312, 35)-(89, 313, 34)"	3.280834	47.813638	2.153817	42	15	#ff607ffffffffffffe63	15	"(89, 313, 34)-(101, 307, 33)"	0.471867	0.172003	2	NA	NA
patient4.gd	"(85, 310, 35)-(87, 312, 35)"	3.34664	35.41751	1.835395	26	6	#ad00ff	14	"(87, 312, 35)-(89, 313, 34)"	0.852159	1.020058	2	NA	NA
patient4.gd	"(81, 310, 37)-(85, 310, 35)"	6.686205	210.734183	3.167399	133	14	#00ff35	10	"(85, 310, 35)-(87, 312, 35)"	1.725731	1.997886	2	2.087492581	NA
patient4.gd	"(79, 311, 38)-(81, 310, 37)"	3.280834	67.293269	2.555164	46	8	#0051ff	5	"(81, 310, 37)-(85, 310, 35)"	0.806707	0.490687	2	3.045290161	NA
patient4.gd	"(75, 317, 39)-(79, 311, 38)"	9.48401	74.376771	1.579966	59	17	#b5ff7fffffffffffff4b	1	"(79, 311, 38)-(81, 310, 37)"	0.618342	2.890732	0	NA	NA
patient4.gd	"(69, 314, 42)-(79, 311, 38)"	18.882473	325.84109	2.343681	201	17	#8400ff	4	"(79, 311, 38)-(81, 310, 37)"	0.917233	5.755389	2	2.197668175	0.97307865
patient4.gd	"(65, 311, 40)-(69, 314, 42)"	7.176309	83.231148	1.921399	59	12	#1c00ff	3	"(69, 314, 42)-(79, 311, 38)"	0.819821	0.380051	2	2.90536663	NA
patient4.gd	"(65, 311, 40)-(67, 317, 38)"	9.052636	30.104883	1.028859	18	1	#00ff02	1	"(65, 311, 40)-(69, 314, 42)"	0.535474	1.261461	0	NA	NA
patient4.gd	"(59, 313, 41)-(65, 311, 40)"	8.628339	88.543774	1.807343	52	2	#ffcb7ffffffffffffece	2	"(65, 311, 40)-(69, 314, 42)"	0.940639	1.202337	2	1.430703724	NA
patient4.gd	"(52, 308, 41)-(59, 313, 41)"	10.733032	37.188385	1.050189	21	0	#e6ff7fffffffffffff1a	1	"(59, 313, 41)-(65, 311, 40)"	0.581068	1.243928	0	NA	NA
patient4.gd	"(41, 317, 42)-(59, 313, 41)"	24.904808	108.023405	1.175012	61	0	#0016ff	1	"(59, 313, 41)-(65, 311, 40)"	0.650133	2.886397	0	NA	NA
patient4.gd	"(61, 317, 43)-(69, 314, 42)"	11.360338	76.147646	1.460689	44	1	#ff987ffffffffffffe9b	1	"(69, 314, 42)-(79, 311, 38)"	0.623245	0.601634	0	NA	NA
patient4.gd	"(69, 298, 44)-(81, 310, 37)"	24.436148	290.42358	1.945022	174	10	#2dff7fffffffffffffd3	5	"(81, 310, 37)-(85, 310, 35)"	0.614076	3.654711	2	1.512664054	0.630219064
patient4.gd	"(68, 296, 44)-(69, 298, 44)"	2.856536	15.937879	1.332663	10	1	#0031ff	4	"(69, 298, 44)-(81, 310, 37)"	0.685166	0.116898	2	5.464009711	NA
patient4.gd	"(68, 296, 44)-(69, 295, 44)"	1.67332	3.541751	0.820814	2	0	#ffa47ffffffffffffea7	1	"(68, 296, 44)-(69, 298, 44)"	0.61592	0.585786	0	NA	NA
patient4.gd	"(67, 291, 48)-(68, 296, 44)"	8.476986	46.042763	1.314877	26	0	#76ff7fffffffffffff8a	3	"(68, 296, 44)-(69, 298, 44)"	0.986653	2.967575	2	4.714858865	1.186350464
patient4.gd	"(67, 291, 48)-(69, 291, 50)"	3.464102	10.625253	0.988097	6	0	#ff8b7ffffffffffffe8e	1	"(67, 291, 48)-(68, 296, 44)"	0.751475	0.408648	0	NA	NA
patient4.gd	"(64, 289, 51)-(67, 291, 48)"	5.927286	28.334008	1.233534	16	0	#00d4ff	2	"(67, 291, 48)-(68, 296, 44)"	0.938137	0.699221	2	12.31895739	NA
patient4.gd	"(61, 283, 56)-(64, 289, 51)"	10.940171	51.355389	1.222379	29	0	#ff087ffffffffffffe0b	1	"(64, 289, 51)-(67, 291, 48)"	0.990957	1.84573	0	NA	NA
patient4.gd	"(58, 291, 52)-(64, 289, 51)"	9.601471	31.875759	1.027984	19	1	#00d6ff	1	"(64, 289, 51)-(67, 291, 48)"	0.833365	1.619876	0	NA	NA
patient4.gd	"(63, 302, 52)-(69, 298, 44)"	15.202044	60.209767	1.122813	39	5	#00ffdd	1	"(69, 298, 44)-(81, 310, 37)"	0.577275	0.622113	0	NA	NA
patient4.gd	"(80, 303, 33)-(85, 310, 35)"	14.928268	538.346149	3.388061	484	180	#8aff7fffffffffffff76	4	"(85, 310, 35)-(87, 312, 35)"	1.845957	4.460673	2	1.317880091	NA
patient4.gd	"(78, 305, 33)-(80, 303, 33)"	3.34664	24.792257	1.535602	17	3	#69ff7fffffffffffff97	1	"(80, 303, 33)-(85, 310, 35)"	0.453239	0.224181	0	NA	NA
patient4.gd	"(75, 298, 32)-(80, 303, 33)"	16.332773	304.590584	2.436427	267	95	#ff00cd	3	"(80, 303, 33)-(85, 310, 35)"	0.719121	1.094084	2	1.150654111	0.468615674
patient4.gd	"(75, 297, 32)-(75, 298, 32)"	1.183216	3.541751	0.976117	2	0	#ff6d7ffffffffffffe70	2	"(75, 298, 32)-(80, 303, 33)"	0.400635	0.072444	2	NA	NA
patient4.gd	"(72, 290, 29)-(75, 297, 32)"	14.776915	185.941926	2.001344	109	4	#ff0089	1	"(75, 297, 32)-(75, 298, 32)"	2.050311	12.488772	0	NA	NA
patient4.gd	"(70, 293, 29)-(75, 297, 32)"	9.967038	81.460273	1.612928	50	4	#4400ff	1	"(75, 297, 32)-(75, 298, 32)"	1.652391	8.423685	0	NA	NA
patient4.gd	"(70, 301, 31)-(75, 298, 32)"	7.81069	69.064144	1.677671	44	5	#80ff7fffffffffffff80	1	"(75, 298, 32)-(80, 303, 33)"	0.688578	0.478222	0	NA	NA
patient4.gd	"(82, 317, 34)-(87, 312, 35)"	8.790898	224.901187	2.853674	148	21	#ff0074	1	"(87, 312, 35)-(89, 313, 34)"	1.324938	2.679471	0	NA	NA
patient4.gd	"(85, 316, 29)-(89, 313, 34)"	9.289815	184.171051	2.512073	149	45	#0018ff	5	"(89, 313, 34)-(101, 307, 33)"	0.550355	0.487034	2	0.804115062	0.944531232
patient4.gd	"(85, 316, 29)-(86, 314, 27)"	3.829669	7.083502	0.767306	4	0	#ff00aa	1	"(85, 316, 29)-(89, 313, 34)"	0.305447	0.412244	0	NA	NA
patient4.gd	"(83, 315, 26)-(85, 316, 29)"	5.09458	30.104883	1.37148	19	2	#ff3f7ffffffffffffe42	4	"(85, 316, 29)-(89, 313, 34)"	0.545955	0.548405	3	3.672093344	NA
patient4.gd	"(83, 314, 25)-(83, 315, 26)"	1.732051	3.541751	0.806777	2	0	#ff006e	2	"(83, 315, 26)-(85, 316, 29)"	0.588253	0.339979	2	NA	NA
patient4.gd	"(83, 314, 25)-(84, 313, 25)"	1.67332	3.541751	0.820814	2	0	#ff00cd	1	"(83, 314, 25)-(83, 315, 26)"	1.017398	0.966092	0	NA	NA
patient4.gd	"(83, 314, 25)-(84, 312, 22)"	9.111367	47.813638	1.292436	34	7	#ff00b5	1	"(83, 314, 25)-(83, 315, 26)"	1.601974	5.26045	0	NA	NA
patient4.gd	"(81, 311, 28)-(83, 315, 26)"	6.686205	17.708755	0.918183	10	0	#2c00ff	1	"(83, 315, 26)-(85, 316, 29)"	0.669484	1.312415	0	NA	NA
patient4.gd	"(75, 317, 28)-(83, 315, 26)"	13.123335	60.209767	1.208472	38	4	#ff307ffffffffffffe33	1	"(83, 315, 26)-(85, 316, 29)"	0.881144	2.575941	0	NA	NA
patient4.gd	"(94, 314, 18)-(101, 313, 23)"	14.045781	394.905234	2.991566	282	59	#ff0068	1	"(97, 304, 23)-(101, 313, 23)"	0.975736	0.911395	0	NA	NA
patient4.gd	"(97, 304, 23)-(98, 304, 22)"	1.732051	3.541751	0.806777	2	0	#ff0010	4	"(95, 304, 24)-(97, 304, 23)"	0.417339	0.459316	2	NA	NA
patient4.gd	"(98, 304, 22)-(101, 307, 16)"	12.695186	341.77897	2.927374	261	68	#4cff7fffffffffffffb4	1	"(97, 304, 23)-(98, 304, 22)"	3.628478	7.329569	0	NA	NA
patient4.gd	"(98, 304, 22)-(100, 302, 22)"	3.34664	30.104883	1.692151	22	5	#00ffb3	3	"(97, 304, 23)-(98, 304, 22)"	2.097419	1.932184	2	NA	NA
patient4.gd	"(100, 302, 22)-(107, 300, 21)"	11.647434	239.068191	2.556059	168	33	#ff157ffffffffffffe18	1	"(98, 304, 22)-(100, 302, 22)"	1.510539	3.480337	0	NA	NA
patient4.gd	"(100, 302, 22)-(102, 302, 24)"	4.195235	38.959261	1.719302	28	6	#00a5ff	2	"(98, 304, 22)-(100, 302, 22)"	1.016046	1.253566	2	NA	NA
patient4.gd	"(102, 302, 24)-(109, 307, 20)"	13.410431	285.110954	2.601421	195	34	#00c8ff	1	"(100, 302, 22)-(102, 302, 24)"	1.513068	3.196586	0	NA	NA
patient4.gd	"(101, 301, 27)-(102, 302, 24)"	4.729013	37.188385	1.582135	30	9	#00ff97	1	"(100, 302, 22)-(102, 302, 24)"	0.920219	1.127234	0	NA	NA
patient4.gd	"(94, 305, 24)-(95, 304, 24)"	1.67332	3.541751	0.820814	2	0	#0003ff	2	"(89, 293, 22)-(95, 304, 24)"	0.223152	0.072628	2	NA	NA
patient4.gd	"(90, 311, 25)-(94, 305, 24)"	10.457142	407.301363	3.521085	291	61	#00fff5	1	"(94, 305, 24)-(95, 304, 24)"	4.289749	6.249338	0	NA	NA
patient4.gd	"(90, 306, 18)-(94, 305, 24)"	14.74198	435.63537	3.066964	314	68	#ffc67ffffffffffffec9	1	"(94, 305, 24)-(95, 304, 24)"	3.736493	8.810018	0	NA	NA
patient4.gd	"(83, 289, 22)-(89, 293, 22)"	11.005977	262.089572	2.753187	183	35	#3b00ff	1	"(89, 293, 22)-(92, 290, 24)"	1.208886	1.875415	0	NA	NA
patient4.gd	"(86, 278, 27)-(89, 283, 23)"	11.854572	228.442938	2.476686	196	67	#f700ff	1	"(89, 283, 23)-(90, 281, 20)"	0.762287	2	0	NA	NA
patient4.gd	"(86, 286, 17)-(90, 281, 20)"	9.149389	159.378794	2.354747	116	26	#19ff7fffffffffffffe7	1	"(90, 280, 20)-(90, 281, 20)"	2.412361	7.732645	0	NA	NA
patient4.gd	"(83, 280, 19)-(90, 280, 20)"	12.496029	285.110954	2.694921	194	33	#ff0076	1	"(90, 280, 20)-(91, 273, 19)"	0.777617	1.199336	0	NA	NA
patient4.gd	"(84, 272, 23)-(91, 273, 19)"	12.55476	566.680157	3.790442	479	159	#0076ff	1	"(91, 273, 19)-(103, 258, 27)"	0.693873	0.431868	0	NA	NA
