 name	 vol(cu.um)	 len(um)	 <r>_vl(um)	 <r>_obs(um)	 par	 num_child	 children...		
102.001	22935.1	70.8134	10.1536	29.0593	nan	2	101.001	97.001	
101.001	50.176	0.5	5.65182	2.51713	102	2	107.001	108.001	
107.001	208.544	5.09117	3.6109	2.76605	101	2	109.001	110.001	
109.001	128.576	18.3231	1.49453	1.3919	107	0			
110.001	178.752	34.4878	1.28445	1.16309	107	0			
108.001	156.8	14.9953	1.8244	1.82674	101	0			
97.001	54012.9	11.0497	39.4456	108	102	2	98.001	93.001	
98.001	365.344	43.5996	1.63318	1.52475	97	0			
93.001	8730.62	7.32548	19.4773	20.0872	97	2	94.001	82.001	
94.001	313.6	29.6274	1.83555	2.17762	93	0			
82.001	842.016	8.47107	5.62492	4.42394	93	2	83.001	70.001	
83.001	479.808	29.2836	2.28374	2.392	82	0			
70.001	1315.55	16.9231	4.97438	4.5638	82	2	71.001	56.001	
71.001	87.808	2.54558	3.31359	2.00997	70	2	84.001	85.001	
84.001	150.528	16.5178	1.70317	1.36484	71	0			
85.001	141.12	15.4148	1.70706	1.44107	71	0			
56.001	213.248	4.92603	3.71209	2.428	70	2	46.001	57.001	
46.001	112.896	2.12603	4.11131	2.42596	56	2	47.001	36.001	
47.001	445.312	12.8693	3.3188	5.06624	46	2	58.001	59.001	
58.001	72.128	16.2634	1.18815	0.894778	47	0			
59.001	31.36	8.9799	1.05433	0.42	47	0			
36.001	5375.1	23.1883	8.58982	35.8379	46	2	37.001	29.001	
37.001	1000.38	42.2843	2.74422	2.89499	36	0			
29.001	13072.4	66.2635	7.92439	7.19796	36	2	28.001	19.001	
28.001	3046.62	18.9599	7.15182	8.41108	29	2	34.001	35.001	
34.001	32576.8	82.2454	11.2285	16.8598	28	2	42.001	43.001	
42.001	3681.66	13.4113	9.34785	18.1117	34	2	52.001	53.001	
52.001	119.168	2.54558	3.86021	2.34213	42	2	62.001	63.001	
62.001	366.912	15.2829	2.76441	2.78675	52	0			
63.001	100.352	2.54558	3.54237	2.04271	52	2	74.001	75.001	
74.001	156.8	5.85206	2.92041	1.90307	63	2	86.001	87.001	
86.001	103.488	17.7409	1.36264	1.18094	74	0			
87.001	112.896	4.67161	2.77352	1.71508	74	2	92.001	78.001	
92.001	56.448	16.3574	1.04807	0.662557	87	0			
78.001	103.488	6.65151	2.22541	1.75523	87	2	66.001	79.001	
66.001	122.304	11.0167	1.87984	1.42849	78	2	67.001	54.001	
67.001	197.568	10.0456	2.50204	3.65109	66	2	65.001	77.001	
65.001	116.032	2.12603	4.16802	2.2006	67	1	64.001		
64.001	37.632	0.5	4.89462	1.92474	65	2	76.001	68.001	
76.001	153.664	8.47107	2.40294	1.74063	64	2	90.001	91.001	
90.001	37.632	8.47107	1.18914	0.85	76	0			
91.001	194.432	32.1304	1.38788	1.1126	76	0			
68.001	247.744	20.7368	1.9501	1.65609	64	2	55.001	69.001	
55.001	1097.6	27.9398	3.53619	3.11219	68	1	45.001		
45.001	2270.46	16.3622	6.64601	6.94719	55	1	44.001		
44.001	758.912	50.1272	2.19525	2.75356	45	0			
69.001	217.952	8.88583	2.79419	2.57487	68	2	80.001	81.001	
80.001	172.48	22.6835	1.55575	1.26712	69	0			
81.001	79.968	13.5196	1.37215	1.07815	69	0			
77.001	862.4	35.3688	2.78593	2.60904	67	0			
54.001	1636.99	25.0079	4.56468	8.32391	66	0			
79.001	197.568	19.78	1.78308	1.91321	78	0			
75.001	15.68	0.5	3.15946	1.16	63	2	88.001	89.001	
88.001	133.28	14.9574	1.68414	1.39597	75	2	95.001	96.001	
95.001	40.768	7.48583	1.31663	1.018	88	0			
96.001	185.024	23.8291	1.57212	1.27728	88	2	99.001	100.001	
99.001	34.496	6.74558	1.27585	0.847821	96	2	103.001	104.001	
103.001	34.496	10.7196	1.01209	0.509091	99	0			
104.001	34.496	12.0113	0.956124	0.509091	99	0			
100.001	31.36	5.85206	1.30605	0.95598	96	2	105.001	106.001	
105.001	65.856	11.1628	1.37037	1.18084	100	0			
106.001	9.408	3.94558	0.8712	0	100	0			
89.001	183.456	56.9162	1.01291	0.751956	75	0			
53.001	1056.83	19.0682	4.20024	3.74595	42	0			
43.001	1527.23	60.9209	2.82484	3.29363	34	0			
35.001	30925.7	114.154	9.28622	13.8426	28	0			
19.001	10555.8	41.4042	9.0084	7.74346	29	2	16.001	11.001	
16.001	2364.54	52.0368	3.80315	3.50614	19	2	9.001	15.001	
9.001	3336.7	224.479	2.17519	1.54538	16	2	6.001	10.001	
6.001	1278.97	179.403	1.5064	1.22252	9	2	3.001	5.001	
3.001	226.837	38.0701	1.37718	1.1808	6	2	1.001	4.001	
1.001	125.963	4.67161	2.92963	1.99057	3	2	2.001	0.001	
2.001	85.1947	8.05151	1.83524	1.42147	1	0			
0.001	1721.66	140.307	1.97633	1.52719	1	0			
4.001	718.667	20.4682	3.3431	2.39241	3	2	7.001	8.001	
7.001	13547.5	78.4499	7.4141	11.7432	4	1	12.001		
12.001	3907.46	140.953	2.97054	3.07546	7	2	20.001	21.001	
20.001	180.32	28.8119	1.41143	1.38101	12	1	30.001		
30.001	613.088	19.0912	3.1972	2.25442	20	2	38.001	39.001	
38.001	398.272	39.9511	1.78136	2.0549	30	0			
39.001	501.76	20.7036	2.77748	2.10167	30	2	48.001	49.001	
48.001	1361.02	136.608	1.78082	1.42501	39	0			
49.001	542.528	62.9791	1.65592	3.71912	39	0			
21.001	197.568	7.5799	2.88039	1.87719	12	0			
8.001	2431.97	103.701	2.7322	1.9725	4	2	13.001	14.001	
13.001	235.2	16.032	2.16098	1.54344	8	2	22.001	23.001	
22.001	178.752	50.6209	1.06019	0.956415	13	0			
23.001	61.152	8.63141	1.50172	1.1353	13	2	25.001	31.001	
25.001	18.816	2.12603	1.67843	0.966667	23	1	24.001		
24.001	65.856	4.25206	2.22036	1.46805	25	2	32.001	33.001	
32.001	31.36	11.7427	0.921997	0.61799	24	0			
33.001	1803.2	166.342	1.85757	1.42971	24	2	40.001	41.001	
40.001	62.72	19.8687	1.00241	0.65	33	0			
41.001	53.312	18.1953	0.965735	0.588235	33	2	50.001	51.001	
50.001	40.768	15.7213	0.908532	0.538462	41	0			
51.001	40.768	5.92548	1.47987	1.86299	41	2	60.001	61.001	
60.001	25.088	10.2716	0.881736	0.175	51	0			
61.001	9.408	2.12603	1.18683	0.466667	51	0			
31.001	246.176	56.6434	1.17618	0.945113	23	0			
14.001	586.432	27.0628	2.62632	1.94683	8	0			
5.001	8.88533	1.4	1.42134	0.7	6	0			
10.001	486.08	55.2286	1.67377	1.35832	9	2	17.001	18.001	
17.001	128.576	33.5374	1.10469	0.869667	10	0			
18.001	188.16	45.7432	1.14426	0.882328	10	2	26.001	27.001	
26.001	9.408	2.54558	1.08463	0.466667	18	0			
27.001	404.544	52.5327	1.56564	3.51887	18	0			
15.001	1398.66	126.641	1.87497	1.52577	16	0			
11.001	586.432	4.67161	6.32121	5.42202	19	0			
57.001	658.56	13.4113	3.95355	8.37903	56	2	72.001	73.001	
72.001	25.088	8.9799	0.943023	0.175	57	0			
73.001	323.008	25.2291	2.01874	2.33381	57	0			
1.02	440.608	26.5918	2.29656	4.2535	N/A	2	0.02	2.02	
0.02	78.4	6.49117	1.96075	2.73224	1	0			
2.02	142.688	6.23196	2.69964	2.88149	1	2	3.02	4.02	
3.02	2957.25	53.9067	4.17876	4.39728	2	2	5.02	6.02	
5.02	580.16	30.9712	2.44186	2.54535	3	0			
6.02	1260.67	10.0172	6.32926	5.92521	3	2	7.02	8.02	
7.02	551.936	15.9569	3.31814	3.32792	6	0			
8.02	5158.72	70.6014	4.82269	4.64453	6	2	9.02	10.02	
9.02	1608.77	36.4037	3.75059	4.24545	8	2	11.02	12.02	
11.02	228.928	29.1936	1.5799	1.61001	9	2	16.02	17.02	
16.02	47.04	10.7432	1.18057	1.00736	11	0			
17.02	21.952	1.4	2.23408	1.35644	11	0			
12.02	37.632	8.72548	1.17168	0.981658	9	0			
10.02	304.192	7.63675	3.56078	3.07421	8	3	13.02	14.02	15.02
13.02	228.928	5.09117	3.78326	2.74041	10	2	18.02	19.02	
18.02	252.448	25.0806	1.78996	2.33781	13	0			
19.02	233.632	8.25151	3.0021	3.98596	13	0			
14.02	655.424	20.506	3.18967	3.65367	10	0			
15.02	1422.18	47.5174	3.08656	3.63493	10	2	20.02	21.02	
20.02	20.384	0.5	3.60234	1.83445	15	2	22.02	23.02	
22.02	323.008	25.4463	2.01011	2.55195	20	2	24.02	25.02	
24.02	15.68	7.2172	0.831599	1.02208	22	0			
25.02	3.136	0	inf	0	22	0			
23.02	172.48	33.2291	1.28539	1.50148	20	0			
21.02	467.264	19.5256	2.75997	3.75086	15	0			
4.02	50.176	4.67161	1.84901	1.72484	2	0			
8.03	188.16	12.3432	2.2028	1.92069	N/A	2	4.03	7.03	
4.03	633.472	14.8492	3.685	4.77217	8	2	3.03	2.03	
3.03	523.712	20.2301	2.87059	2.18139	4	2	5.03	6.03	
5.03	235.2	29.7794	1.58557	1.72439	3	0			
6.03	31.36	0.5	4.46815	1.84764	3	2	9.03	10.03	
9.03	493.92	44.1362	1.88737	1.40677	6	2	11.03	12.03	
11.03	65.856	20.8451	1.00282	0.643627	9	2	15.03	16.03	
15.03	19.8613	7.2172	0.935933	0.7	11	2	18.03	19.03	
18.03	7.31733	4.25206	0.74012	0	15	0			
19.03	1.04533	0.5	0.815769	0	15	0			
16.03	181.888	25.1746	1.51651	1.86004	11	1	17.03		
17.03	275.968	33.771	1.61281	1.36493	16	0			
12.03	189.728	13.4888	2.11594	1.56928	9	0			
10.03	258.197	55.9611	1.21187	1.1133	6	2	13.03	14.03	
13.03	1.04533	0.5	0.815769	0	10	0			
14.03	16.7253	8.8172	0.777047	0.233333	10	0			
2.03	577.024	53.1215	1.85946	1.80736	4	2	0.03	1.03	
0.03	250.88	48.3859	1.28469	1.04282	2	0			
1.03	172.48	39.7363	1.17544	0.956945	2	0			
7.03	128.576	13.3427	1.75139	1.74934	8	0			
6.04	953.344	37.1841	2.85674	2.5077	N/A	2	3.04	7.04	
3.04	388.864	10.0314	3.51271	2.97028	6	3	1.04	0.04	2.04
1.04	68.992	14.6888	1.22273	1.32264	3	0			
0.04	72.128	4.67161	2.21689	2.12389	3	0			
2.04	257.152	6.49117	3.55106	2.64976	3	2	4.04	5.04	
4.04	64.288	8.19764	1.57996	1.65736	2	0			
5.04	305.76	18.5355	2.29146	2.02968	2	2	8.04	9.04	
8.04	172.48	39.7836	1.17474	1.35596	5	0			
9.04	25.088	7.05206	1.06414	0.669975	5	0			
7.04	163.072	17.9746	1.69936	1.92033	6	0			
4.5	206.976	15.2687	2.07723	2.01661	N/A	2	3.5	1.5	
3.5	785.568	23.009	3.29662	2.68846	4	2	5.5	6.5	
5.5	122.304	13.9912	1.66808	1.65994	3	0			
6.5	42.336	4.67161	1.69843	1.65704	3	0			
1.5	740.096	22.6883	3.22232	2.68137	4	2	0.5	2.5	
0.5	15.68	1.9799	1.58773	1.45393	1	0			
2.5	34.496	6.07161	1.3448	1.12055	1	0			
2.6	426.496	32.357	2.04832	2.61134	N/A	2	0.6	1.6	
0.6	768.32	51.4836	2.17952	1.92373	2	0			
1.6	420.224	52.5462	1.59549	1.40981	2	0			
1.7	4.68E-154	0.5	1.73E-77	-2.68E+154	N/A	0			
