tag	name	len	vol	rad	voxc	defc	col	tips	parent	beta	gamma	nchild	q	s
patient1.gd	"(102, 282, 30)-(106, 288, 27)"	11.339659	925.449772	5.096846	669	159	#ffc67ffffffffffffec9	182	NA	NA	NA	2	1.462636788	1.149340175
patient1.gd	"(106, 288, 27)-(110, 289, 30)"	7.661515	194.162991	2.840213	133	26	#00fff5	95	"(102, 282, 30)-(106, 288, 27)"	0.557249	0.675639	2	5.047846286	NA
patient1.gd	"(110, 289, 30)-(119, 292, 32)"	15.09473	308.483257	2.550517	201	31	#ff427ffffffffffffe45	8	"(106, 288, 27)-(110, 289, 30)"	0.898002	1.970202	2	12.3609861	1.022192052
patient1.gd	"(119, 292, 32)-(121, 289, 36)"	8.104796	123.393303	2.201404	78	10	#7aff7fffffffffffff86	1	"(110, 289, 30)-(119, 292, 32)"	0.863121	0.536929	0	NA	NA
patient1.gd	"(119, 292, 32)-(120, 296, 32)"	7.218234	143.353984	2.514285	94	15	#77ff7fffffffffffff89	7	"(110, 289, 30)-(119, 292, 32)"	0.985794	0.478196	2	7.99298783	NA
patient1.gd	"(120, 296, 32)-(131, 300, 32)"	18.837828	299.41022	2.249277	181	16	#09ff7ffffffffffffff7	5	"(119, 292, 32)-(120, 296, 32)"	0.894599	2.609756	2	2.024863644	1.478445851
patient1.gd	"(131, 300, 32)-(140, 308, 28)"	16.471396	132.46634	1.599973	73	0	#a7ff7fffffffffffff59	2	"(120, 296, 32)-(131, 300, 32)"	0.711328	0.874379	2	1.420910208	NA
patient1.gd	"(140, 308, 28)-(150, 317, 30)"	17.129658	45.365185	0.918147	25	0	#ff000d	1	"(131, 300, 32)-(140, 308, 28)"	0.573851	1.039964	0	NA	NA
patient1.gd	"(140, 308, 28)-(143, 311, 25)"	6.349803	21.775289	1.044785	18	6	#ff00e7	1	"(131, 300, 32)-(140, 308, 28)"	0.653002	0.385505	0	NA	NA
patient1.gd	"(131, 300, 32)-(134, 297, 34)"	5.906522	47.179792	1.594546	29	3	#6c00ff	3	"(120, 296, 32)-(131, 300, 32)"	0.708915	0.313546	2	1.275951747	NA
patient1.gd	"(134, 297, 34)-(147, 315, 34)"	28.684298	67.140474	0.863168	38	1	#70ff7fffffffffffff90	1	"(131, 300, 32)-(134, 297, 34)"	0.541325	4.856377	0	NA	NA
patient1.gd	"(134, 297, 34)-(135, 297, 34)"	1.183216	3.629215	0.988097	2	0	#00ff83	2	"(131, 300, 32)-(134, 297, 34)"	0.619673	0.200324	2	NA	NA
patient1.gd	"(135, 297, 34)-(143, 288, 36)"	15.456338	56.252829	1.076326	37	6	#ff0090	1	"(134, 297, 34)-(135, 297, 34)"	1.089293	13.06299	0	NA	NA
patient1.gd	"(135, 297, 34)-(136, 298, 33)"	2.116601	3.629215	0.738774	2	0	#00ff1f	1	"(134, 297, 34)-(135, 297, 34)"	0.747674	1.788854	0	NA	NA
patient1.gd	"(120, 296, 32)-(126, 315, 35)"	31.078419	540.753004	2.353396	324	26	#ff00b6	2	"(119, 292, 32)-(120, 296, 32)"	0.93601	4.305543	2	1.240926552	0.479000112
patient1.gd	"(126, 315, 35)-(127, 317, 42)"	11.270024	56.252829	1.260477	32	1	#6dff7fffffffffffff93	1	"(120, 296, 32)-(126, 315, 35)"	0.535599	0.362632	0	NA	NA
patient1.gd	"(124, 317, 33)-(126, 315, 35)"	4.233202	27.219111	1.430631	15	0	#79ff7fffffffffffff87	1	"(120, 296, 32)-(126, 315, 35)"	0.6079	0.13621	0	NA	NA
patient1.gd	"(110, 289, 30)-(114, 281, 28)"	15.159684	272.191109	2.390655	190	40	#2900ff	87	"(106, 288, 27)-(110, 289, 30)"	0.841717	1.97868	2	NA	NA
patient1.gd	"(114, 281, 28)-(121, 283, 21)"	21.020538	328.443939	2.230148	299	118	#ff0010	1	"(110, 289, 30)-(114, 281, 28)"	0.932861	1.386608	0	NA	NA
patient1.gd	"(114, 281, 28)-(119, 277, 27)"	9.993097	190.533777	2.463548	132	27	#4cff7fffffffffffffb4	86	"(110, 289, 30)-(114, 281, 28)"	1.030491	0.659189	2	2.012946145	0.854118054
patient1.gd	"(119, 277, 27)-(121, 279, 28)"	3.789921	19.960681	1.294785	12	1	#ffc67ffffffffffffec9	1	"(114, 281, 28)-(119, 277, 27)"	0.525577	0.379254	0	NA	NA
patient1.gd	"(119, 277, 27)-(121, 274, 26)"	5.101633	70.769688	2.101329	49	10	#00ffb3	85	"(114, 281, 28)-(119, 277, 27)"	0.852969	0.510516	2	NA	NA
patient1.gd	"(121, 274, 26)-(125, 266, 24)"	13.45626	235.898961	2.36225	167	37	#ff157ffffffffffffe18	82	"(119, 277, 27)-(121, 274, 26)"	1.124169	2.637638	2	1.334494155	0.493857739
patient1.gd	"(125, 266, 24)-(127, 267, 24)"	2.856536	16.331467	1.349018	9	0	#0045ff	1	"(121, 274, 26)-(125, 266, 24)"	0.571073	0.212283	0	NA	NA
patient1.gd	"(125, 264, 25)-(125, 266, 24)"	3.789921	25.404504	1.460714	17	3	#00a5ff	81	"(121, 274, 26)-(125, 266, 24)"	0.618357	0.281647	2	NA	NA
patient1.gd	"(125, 264, 25)-(128, 261, 25)"	6.856626	85.286548	1.989803	56	9	#00ff97	7	"(125, 264, 25)-(125, 266, 24)"	1.362212	1.809174	2	20.30440669	NA
patient1.gd	"(128, 261, 25)-(136, 264, 20)"	14.681487	170.573095	1.923071	100	6	#b4ff7fffffffffffff4c	2	"(125, 264, 25)-(128, 261, 25)"	0.966463	2.141212	2	1.084300886	0.849664884
patient1.gd	"(136, 264, 20)-(143, 262, 21)"	9.706001	19.960681	0.809082	11	0	#ff00e7	1	"(128, 261, 25)-(136, 264, 20)"	0.420724	0.661105	0	NA	NA
patient1.gd	"(135, 265, 18)-(136, 264, 20)"	3.509986	16.331467	1.216984	9	0	#ed00ff	1	"(128, 261, 25)-(136, 264, 20)"	0.632834	0.239076	0	NA	NA
patient1.gd	"(128, 261, 25)-(130, 258, 25)"	4.529856	52.623614	1.922973	30	1	#00c8ff	5	"(125, 264, 25)-(128, 261, 25)"	0.966414	0.660654	2	3.259546313	NA
patient1.gd	"(130, 258, 25)-(134, 249, 31)"	15.526038	154.241629	1.778261	87	2	#ff0068	4	"(128, 261, 25)-(130, 258, 25)"	0.924746	3.42749	2	1.398445919	0.608560159
patient1.gd	"(134, 249, 31)-(138, 247, 33)"	6.72813	18.146074	0.926551	10	0	#0073ff	1	"(130, 258, 25)-(134, 249, 31)"	0.521043	0.433345	0	NA	NA
patient1.gd	"(133, 247, 32)-(134, 249, 31)"	3.428313	16.331467	1.231395	9	0	#7dff7fffffffffffff83	3	"(130, 258, 25)-(134, 249, 31)"	0.692471	0.220811	2	2.407943775	NA
patient1.gd	"(132, 246, 31)-(133, 247, 32)"	2.116601	3.629215	0.738774	2	0	#00ff46	1	"(133, 247, 32)-(134, 249, 31)"	0.599949	0.617389	0	NA	NA
patient1.gd	"(132, 242, 37)-(133, 247, 32)"	9.136573	32.662933	1.066746	18	0	#ff0066	2	"(133, 247, 32)-(134, 249, 31)"	0.866291	2.665035	2	NA	1.484013484
patient1.gd	"(132, 242, 37)-(135, 241, 39)"	5.906522	14.516859	0.884495	8	0	#ff001b	1	"(132, 242, 37)-(133, 247, 32)"	0.829153	0.64647	0	NA	NA
patient1.gd	"(130, 239, 39)-(132, 242, 37)"	5.544914	23.589896	1.163699	13	0	#b700ff	1	"(132, 242, 37)-(133, 247, 32)"	1.090887	0.606892	0	NA	NA
patient1.gd	"(130, 256, 23)-(130, 258, 25)"	3.509986	16.331467	1.216984	9	0	#69ff7fffffffffffff97	1	"(128, 261, 25)-(130, 258, 25)"	0.632866	0.774856	0	NA	NA
patient1.gd	"(121, 260, 30)-(125, 264, 25)"	11.533109	206.865243	2.389437	141	27	#ffe07ffffffffffffee3	74	"(125, 264, 25)-(125, 266, 24)"	1.6358	3.0431	2	0.656190829	0.359066924
patient1.gd	"(121, 260, 30)-(122, 259, 30)"	1.67332	3.629215	0.830887	2	0	#ffeb7ffffffffffffeee	4	"(121, 260, 30)-(125, 264, 25)"	0.347733	0.145088	2	NA	NA
patient1.gd	"(122, 259, 30)-(126, 253, 27)"	10.518051	134.280947	2.01588	87	13	#ffda7ffffffffffffedd	3	"(121, 260, 30)-(122, 259, 30)"	2.426178	6.285738	2	1.354492563	NA
patient1.gd	"(126, 253, 27)-(134, 247, 25)"	14.179476	38.106755	0.924903	22	1	#00ff37	1	"(122, 259, 30)-(126, 253, 27)"	0.458808	1.348109	0	NA	NA
patient1.gd	"(124, 246, 21)-(126, 253, 27)"	12.564885	85.286548	1.469894	47	0	#8dff7fffffffffffff73	2	"(122, 259, 30)-(126, 253, 27)"	0.729158	1.194602	2	1.477248246	1.820671689
patient1.gd	"(124, 239, 21)-(124, 246, 21)"	10.277778	29.033718	0.948259	17	1	#ff467ffffffffffffe49	1	"(124, 246, 21)-(126, 253, 27)"	0.64512	0.817976	0	NA	NA
patient1.gd	"(123, 246, 17)-(124, 246, 21)"	6.561127	16.331467	0.89012	9	0	#0500ff	1	"(124, 246, 21)-(126, 253, 27)"	0.605567	0.52218	0	NA	NA
patient1.gd	"(122, 259, 30)-(126, 228, 37)"	43.23727	219.567495	1.271393	205	84	#00f8ff	1	"(121, 260, 30)-(122, 259, 30)"	1.530164	25.839211	0	NA	NA
patient1.gd	"(120, 261, 30)-(121, 260, 30)"	1.67332	3.629215	0.830887	2	0	#00bdff	70	"(121, 260, 30)-(125, 264, 25)"	0.347733	0.145088	2	NA	NA
patient1.gd	"(120, 261, 30)-(121, 263, 32)"	3.871594	58.067437	2.184975	63	31	#ff00bc	22	"(120, 261, 30)-(121, 260, 30)"	2.62969	2.31372	2	NA	NA
patient1.gd	"(121, 263, 32)-(126, 258, 35)"	10.518051	197.792206	2.446595	137	28	#0097ff	2	"(120, 261, 30)-(121, 263, 32)"	1.119736	2.716724	2	1.000890167	NA
patient1.gd	"(126, 258, 35)-(144, 253, 37)"	24.891962	97.988799	1.119396	54	0	#c7ff7fffffffffffff39	1	"(121, 263, 32)-(126, 258, 35)"	0.457532	2.366594	0	NA	NA
patient1.gd	"(126, 258, 35)-(131, 248, 38)"	17.013069	94.359585	1.328699	55	3	#ff057ffffffffffffe08	1	"(121, 263, 32)-(126, 258, 35)"	0.543081	1.617512	0	NA	NA
patient1.gd	"(121, 263, 32)-(124, 269, 35)"	10.879659	440.949597	3.591798	276	33	#ff677ffffffffffffe6a	20	"(120, 261, 30)-(121, 263, 32)"	1.643862	2.810124	2	1.158569932	NA
patient1.gd	"(124, 269, 35)-(125, 272, 36)"	4.611529	94.359585	2.552088	78	26	#0092ff	19	"(121, 263, 32)-(124, 269, 35)"	0.710532	0.423867	2	0.581401761	0.797706826
patient1.gd	"(125, 272, 36)-(126, 273, 35)"	2.116601	3.629215	0.738774	2	0	#c9ff7fffffffffffff37	11	"(124, 269, 35)-(125, 272, 36)"	0.289478	0.45898	2	NA	NA
patient1.gd	"(126, 273, 35)-(130, 274, 33)"	7.38158	127.022518	2.340404	89	19	#00ff78	3	"(125, 272, 36)-(126, 273, 35)"	3.167954	3.487469	2	1.229456053	NA
patient1.gd	"(130, 274, 33)-(134, 276, 27)"	10.432721	114.320266	1.867617	63	0	#0032ff	2	"(126, 273, 35)-(130, 274, 33)"	0.797989	1.413345	2	1.107097942	NA
patient1.gd	"(134, 276, 27)-(137, 286, 20)"	17.642639	43.550577	0.886421	25	1	#0079ff	1	"(130, 274, 33)-(134, 276, 27)"	0.474627	1.691087	0	NA	NA
patient1.gd	"(134, 276, 27)-(137, 276, 25)"	4.693202	18.146074	1.109384	10	0	#00ff6f	1	"(130, 274, 33)-(134, 276, 27)"	0.59401	0.449854	0	NA	NA
patient1.gd	"(130, 274, 33)-(131, 275, 34)"	2.116601	3.629215	0.738774	2	0	#a3ff7fffffffffffff5d	1	"(126, 273, 35)-(130, 274, 33)"	0.315661	0.286741	0	NA	NA
patient1.gd	"(126, 273, 35)-(128, 280, 35)"	10.277778	344.775405	3.267711	199	9	#ff797ffffffffffffe7c	8	"(125, 272, 36)-(126, 273, 35)"	4.42315	4.855794	2	1.766424376	NA
patient1.gd	"(128, 280, 35)-(136, 284, 36)"	16.587919	223.19671	2.069536	196	73	#cfff7fffffffffffff31	1	"(126, 273, 35)-(128, 280, 35)"	0.633329	1.61396	0	NA	NA
patient1.gd	"(128, 280, 35)-(128, 288, 37)"	14.471318	248.601213	2.338421	142	5	#3600ff	7	"(126, 273, 35)-(128, 280, 35)"	0.715614	1.40802	2	2.311995382	NA
patient1.gd	"(128, 288, 37)-(137, 283, 51)"	26.643468	136.095555	1.275122	85	10	#00fff9	1	"(128, 280, 35)-(128, 288, 37)"	0.545292	1.841122	0	NA	NA
patient1.gd	"(128, 288, 37)-(128, 295, 39)"	12.273044	165.129273	2.069479	113	22	#ff0055	6	"(128, 280, 35)-(128, 288, 37)"	0.88499	0.848094	2	2.737589723	NA
patient1.gd	"(128, 295, 39)-(131, 298, 48)"	18.326193	58.067437	1.004281	38	6	#ff00ac	1	"(128, 288, 37)-(128, 295, 39)"	0.485282	1.493207	0	NA	NA
patient1.gd	"(128, 295, 39)-(129, 297, 39)"	2.856536	34.477541	1.960078	20	1	#f5ff7fffffffffffff0b	5	"(128, 288, 37)-(128, 295, 39)"	0.947136	0.232749	2	4.808386718	NA
patient1.gd	"(129, 297, 39)-(130, 301, 40)"	5.794745	61.696651	1.840936	36	2	#00ff74	4	"(128, 295, 39)-(129, 297, 39)"	0.939216	2.028592	2	1.827217689	NA
patient1.gd	"(130, 301, 40)-(133, 312, 38)"	15.629242	116.134873	1.537933	64	0	#fff87ffffffffffffefb	3	"(129, 297, 39)-(130, 301, 40)"	0.835408	2.697141	2	1.396963186	0.534191484
patient1.gd	"(133, 312, 38)-(135, 317, 40)"	7.78285	27.219111	1.055098	15	0	#ff0020	1	"(130, 301, 40)-(133, 312, 38)"	0.686049	0.497967	0	NA	NA
patient1.gd	"(133, 312, 38)-(133, 313, 37)"	1.754993	3.629215	0.811323	2	0	#dcff7fffffffffffff24	2	"(130, 301, 40)-(133, 312, 38)"	0.527541	0.112289	2	NA	NA
patient1.gd	"(133, 313, 37)-(139, 317, 34)"	13.864691	47.179792	1.040754	37	11	#0074ff	1	"(133, 312, 38)-(133, 313, 37)"	1.282786	7.900141	0	NA	NA
patient1.gd	"(133, 313, 37)-(133, 317, 35)"	6.72813	12.702252	0.775208	7	0	#009dff	1	"(133, 312, 38)-(133, 313, 37)"	0.955486	3.833708	0	NA	NA
patient1.gd	"(130, 301, 40)-(133, 308, 45)"	12.354717	32.662933	0.917353	18	0	#c200ff	1	"(129, 297, 39)-(130, 301, 40)"	0.498308	2.132055	0	NA	NA
patient1.gd	"(121, 317, 40)-(129, 297, 39)"	28.156929	194.162991	1.481548	111	4	#00c4ff	1	"(128, 295, 39)-(129, 297, 39)"	0.755862	9.857019	0	NA	NA
patient1.gd	"(125, 271, 37)-(125, 272, 36)"	1.754993	3.629215	0.811323	2	0	#ff8f7ffffffffffffe92	8	"(124, 269, 35)-(125, 272, 36)"	0.317906	0.380566	2	NA	NA
patient1.gd	"(125, 271, 37)-(127, 272, 39)"	3.871594	25.404504	1.445225	22	8	#0046ff	1	"(125, 271, 37)-(125, 272, 36)"	1.781319	2.206045	0	NA	NA
patient1.gd	"(125, 271, 37)-(125, 271, 38)"	1.296148	3.629215	0.94407	2	0	#9eff7fffffffffffff62	7	"(125, 271, 37)-(125, 272, 36)"	1.163618	0.738549	2	NA	NA
patient1.gd	"(125, 271, 38)-(128, 256, 53)"	31.880976	157.870843	1.255481	97	10	#0079ff	1	"(125, 271, 37)-(125, 271, 38)"	1.329861	24.596707	0	NA	NA
patient1.gd	"(125, 271, 38)-(126, 274, 42)"	6.922735	54.438222	1.582115	33	3	#ff005e	6	"(125, 271, 37)-(125, 271, 38)"	1.675846	5.341006	2	3.633858651	NA
patient1.gd	"(126, 274, 42)-(137, 273, 49)"	17.379422	76.213511	1.181472	42	0	#fff37ffffffffffffef6	1	"(125, 271, 38)-(126, 274, 42)"	0.746767	2.510485	0	NA	NA
patient1.gd	"(124, 276, 43)-(126, 274, 42)"	3.789921	23.589896	1.40758	13	0	#b2ff7fffffffffffff4e	5	"(125, 271, 38)-(126, 274, 42)"	0.889682	0.54746	2	NA	NA
patient1.gd	"(124, 276, 43)-(124, 280, 45)"	5.876418	39.921363	1.470522	22	0	#5000ff	2	"(124, 276, 43)-(126, 274, 42)"	1.044716	1.550538	2	1.357877245	NA
patient1.gd	"(124, 280, 45)-(129, 284, 52)"	13.634146	34.477541	0.897179	19	0	#ff357ffffffffffffe38	1	"(124, 276, 43)-(124, 280, 45)"	0.61011	2.320146	0	NA	NA
patient1.gd	"(119, 287, 45)-(124, 280, 45)"	10.733032	25.404504	0.867999	14	0	#ffd77ffffffffffffeda	1	"(124, 276, 43)-(124, 280, 45)"	0.590266	1.826458	0	NA	NA
patient1.gd	"(123, 275, 44)-(124, 276, 43)"	2.116601	3.629215	0.738774	2	0	#ff5f7ffffffffffffe62	3	"(124, 276, 43)-(126, 274, 42)"	0.524854	0.558482	2	NA	NA
patient1.gd	"(123, 275, 44)-(130, 268, 49)"	13.929645	43.550577	0.99759	24	0	#00b5ff	2	"(123, 275, 44)-(124, 276, 43)"	1.350331	6.581139	2	6.343403105	1.717172987
patient1.gd	"(130, 268, 49)-(137, 263, 51)"	11.619594	29.033718	0.891828	16	0	#13ff7fffffffffffffed	1	"(123, 275, 44)-(130, 268, 49)"	0.893982	0.834163	0	NA	NA
patient1.gd	"(130, 268, 49)-(131, 266, 53)"	6.46389	16.331467	0.89679	9	0	#0080ff	1	"(123, 275, 44)-(130, 268, 49)"	0.898957	0.464038	0	NA	NA
patient1.gd	"(117, 269, 47)-(123, 275, 44)"	14.879749	45.365185	0.985119	60	35	#ff317ffffffffffffe34	1	"(123, 275, 44)-(124, 276, 43)"	1.33345	7.030021	0	NA	NA
patient1.gd	"(117, 277, 40)-(124, 269, 35)"	15.112861	88.915762	1.368488	79	30	#56ff7fffffffffffffaa	1	"(121, 263, 32)-(124, 269, 35)"	0.381004	1.389093	0	NA	NA
patient1.gd	"(112, 262, 23)-(120, 261, 30)"	17.176414	1362.770154	5.025394	945	194	#00e9ff	48	"(120, 261, 30)-(121, 260, 30)"	6.048229	10.264871	2	3.465571652	1.030100925
patient1.gd	"(112, 262, 23)-(117, 259, 21)"	10.139724	542.567611	4.127042	409	110	#ff0026	1	"(112, 262, 23)-(120, 261, 30)"	0.821238	0.590328	0	NA	NA
patient1.gd	"(110, 265, 19)-(112, 262, 23)"	7.38158	390.14059	4.101672	356	141	#ff607ffffffffffffe63	47	"(112, 262, 23)-(120, 261, 30)"	0.816189	0.429751	2	NA	NA
patient1.gd	"(110, 265, 19)-(112, 267, 17)"	4.233202	43.550577	1.809621	31	7	#00f8ff	15	"(110, 265, 19)-(112, 262, 23)"	0.441191	0.573482	2	NA	NA
patient1.gd	"(112, 267, 17)-(117, 263, 14)"	10.221397	413.730486	3.589457	336	108	#00ff88	1	"(110, 265, 19)-(112, 267, 17)"	1.983541	2.414578	0	NA	NA
patient1.gd	"(111, 267, 16)-(112, 267, 17)"	1.754993	3.629215	0.811323	2	0	#00fcff	14	"(110, 265, 19)-(112, 267, 17)"	0.448339	0.414578	2	NA	NA
patient1.gd	"(111, 267, 16)-(112, 268, 15)"	2.116601	3.629215	0.738774	2	0	#ff002d	9	"(111, 267, 16)-(112, 267, 17)"	0.91058	1.206045	2	NA	NA
patient1.gd	"(112, 268, 15)-(115, 277, 13)"	15.852796	718.584529	3.798491	514	118	#00ffb6	7	"(111, 267, 16)-(112, 268, 15)"	5.14161	7.489742	2	1.643288125	0.760199289
patient1.gd	"(115, 277, 13)-(118, 278, 13)"	5.906522	96.174192	2.276609	65	12	#ff857ffffffffffffe88	1	"(112, 268, 15)-(115, 277, 13)"	0.599346	0.372586	0	NA	NA
patient1.gd	"(112, 279, 10)-(115, 277, 13)"	6.841062	156.056236	2.694659	106	20	#00ddff	6	"(112, 268, 15)-(115, 277, 13)"	0.709403	0.431537	2	13.80550059	NA
patient1.gd	"(112, 279, 10)-(118, 280, 8)"	9.45617	134.280947	2.126056	95	21	#af00ff	5	"(112, 279, 10)-(115, 277, 13)"	0.788989	1.382266	2	1.797259809	0.890760197
patient1.gd	"(118, 280, 8)-(119, 281, 8)"	1.67332	3.629215	0.830887	2	0	#a300ff	1	"(112, 279, 10)-(118, 280, 8)"	0.390811	0.176955	0	NA	NA
patient1.gd	"(114, 283, 8)-(118, 280, 8)"	7.218234	81.657333	1.897611	51	6	#0042ff	4	"(112, 279, 10)-(118, 280, 8)"	0.89255	0.763336	2	NA	NA
patient1.gd	"(114, 283, 8)-(116, 288, 1)"	13.731383	163.314666	1.945721	110	20	#b5ff7fffffffffffff4b	1	"(114, 283, 8)-(118, 280, 8)"	1.025353	1.902319	0	NA	NA
patient1.gd	"(110, 287, 4)-(114, 283, 8)"	11.97639	197.792206	2.292803	130	21	#ff5b7ffffffffffffe5e	3	"(114, 283, 8)-(118, 280, 8)"	1.208258	1.659186	2	0.776269668	0.753709399
patient1.gd	"(110, 287, 4)-(115, 291, 4)"	7.876496	32.662933	1.14891	21	3	#7aff7fffffffffffff86	1	"(110, 287, 4)-(114, 283, 8)"	0.501094	0.657669	0	NA	NA
patient1.gd	"(109, 288, 3)-(110, 287, 4)"	2.116601	3.629215	0.738774	2	0	#00ff07	2	"(110, 287, 4)-(114, 283, 8)"	0.322215	0.176731	2	NA	NA
patient1.gd	"(109, 288, 3)-(112, 289, 0)"	6.349803	36.292148	1.348812	23	3	#0078ff	1	"(109, 288, 3)-(110, 287, 4)"	1.825742	3	0	NA	NA
patient1.gd	"(106, 287, 1)-(109, 288, 3)"	5.05481	27.219111	1.309211	18	3	#00ff03	1	"(109, 288, 3)-(110, 287, 4)"	1.772139	2.388173	0	NA	NA
patient1.gd	"(112, 279, 10)-(115, 280, 5)"	9.039336	205.050636	2.687122	140	27	#ff5f7ffffffffffffe62	1	"(112, 279, 10)-(115, 277, 13)"	0.997203	1.321335	0	NA	NA
patient1.gd	"(112, 268, 15)-(113, 269, 14)"	2.116601	3.629215	0.738774	2	0	#00ff63	2	"(111, 267, 16)-(112, 268, 15)"	1	1	2	NA	NA
patient1.gd	"(113, 269, 14)-(119, 270, 15)"	8.161177	203.236028	2.815458	155	43	#0600ff	1	"(112, 268, 15)-(113, 269, 14)"	3.810984	3.855794	0	NA	NA
patient1.gd	"(113, 269, 14)-(118, 271, 8)"	11.614782	293.966398	2.838366	186	24	#0057ff	1	"(112, 268, 15)-(113, 269, 14)"	3.841992	5.487469	0	NA	NA
patient1.gd	"(110, 267, 14)-(111, 267, 16)"	3.051141	25.404504	1.627981	19	5	#ff8c7ffffffffffffe8f	5	"(111, 267, 16)-(112, 267, 17)"	2.006576	1.738549	2	NA	NA
patient1.gd	"(110, 267, 14)-(111, 270, 8)"	10.432721	348.40462	3.26038	291	99	#00ff77	2	"(110, 267, 14)-(111, 267, 16)"	2.002714	3.419285	2	2.519071569	NA
patient1.gd	"(111, 270, 8)-(114, 272, 5)"	5.988195	110.691051	2.425679	80	19	#00ffe2	1	"(110, 267, 14)-(111, 270, 8)"	0.743987	0.573982	0	NA	NA
patient1.gd	"(105, 269, 4)-(111, 270, 8)"	10.599724	212.309065	2.525004	152	35	#ff00dd	1	"(110, 267, 14)-(111, 270, 8)"	0.774451	1.016008	0	NA	NA
patient1.gd	"(108, 277, 4)-(110, 267, 14)"	22.214506	782.095787	3.347624	567	136	#ff007ffffffffffffe03	3	"(110, 267, 14)-(111, 267, 16)"	2.056305	7.280721	2	0.945007803	0.582937447
patient1.gd	"(108, 277, 4)-(110, 280, 1)"	5.988195	56.252829	1.729216	41	10	#1bff7fffffffffffffe5	2	"(108, 277, 4)-(110, 267, 14)"	0.51655	0.269562	2	1.178838326	NA
patient1.gd	"(110, 280, 1)-(111, 281, 1)"	1.67332	3.629215	0.830887	2	0	#ff004c	1	"(108, 277, 4)-(110, 280, 1)"	0.480499	0.279436	0	NA	NA
patient1.gd	"(105, 281, 3)-(110, 280, 1)"	9.288012	34.477541	1.087006	21	2	#0058ff	1	"(108, 277, 4)-(110, 280, 1)"	0.628612	1.551054	0	NA	NA
patient1.gd	"(104, 281, 6)-(108, 277, 4)"	7.579842	52.623614	1.48657	33	4	#ff00c7	1	"(108, 277, 4)-(110, 267, 14)"	0.444067	0.341211	0	NA	NA
patient1.gd	"(102, 269, 25)-(110, 265, 19)"	15.32303	1125.056585	4.83437	763	143	#ad00ff	32	"(110, 265, 19)-(112, 262, 23)"	1.178634	2.075847	2	3.0731733	0.985500269
patient1.gd	"(102, 269, 25)-(104, 275, 26)"	8.522785	295.781005	3.323682	197	34	#ff0012	1	"(102, 269, 25)-(110, 265, 19)"	0.687511	0.556208	0	NA	NA
patient1.gd	"(98, 270, 26)-(102, 269, 25)"	6.646457	381.067553	4.271997	268	58	#00ff35	31	"(102, 269, 25)-(110, 265, 19)"	0.883672	0.433756	2	2.213833904	NA
patient1.gd	"(96, 276, 26)-(98, 270, 26)"	11.813044	279.449539	2.744074	195	41	#ff0097	1	"(98, 270, 26)-(102, 269, 25)"	0.64234	1.777345	0	NA	NA
patient1.gd	"(96, 269, 26)-(98, 270, 26)"	2.856536	107.061836	3.454002	88	29	#2dff7fffffffffffffd3	30	"(98, 270, 26)-(102, 269, 25)"	0.808522	0.429783	2	NA	NA
patient1.gd	"(80, 260, 24)-(96, 269, 26)"	25.337658	555.269863	2.641155	407	101	#0031ff	5	"(96, 269, 26)-(98, 270, 26)"	0.764665	8.870064	2	1.813219258	0.73139802
patient1.gd	"(77, 253, 27)-(80, 260, 24)"	11.211163	108.876444	1.758194	64	4	#00d6ff	3	"(80, 260, 24)-(96, 269, 26)"	0.665691	0.44247	2	1.879774329	NA
patient1.gd	"(75, 251, 29)-(77, 253, 27)"	4.233202	21.775289	1.279595	12	0	#ffa47ffffffffffffea7	2	"(77, 253, 27)-(80, 260, 24)"	0.72779	0.377588	2	2.403244359	NA
patient1.gd	"(75, 251, 29)-(76, 249, 28)"	3.299817	9.073037	0.935527	5	0	#00ffdd	1	"(75, 251, 29)-(77, 253, 27)"	0.731112	0.779508	0	NA	NA
patient1.gd	"(64, 246, 37)-(75, 251, 29)"	20.378995	61.696651	0.981668	34	0	#0051ff	1	"(75, 251, 29)-(77, 253, 27)"	0.767171	4.814085	0	NA	NA
patient1.gd	"(71, 247, 24)-(77, 253, 27)"	11.369763	47.179792	1.149284	26	0	#ff8b7ffffffffffffe8e	1	"(77, 253, 27)-(80, 260, 24)"	0.653673	1.014147	0	NA	NA
patient1.gd	"(75, 262, 21)-(80, 260, 24)"	8.483123	90.73037	1.845115	51	1	#76ff7fffffffffffff8a	2	"(80, 260, 24)-(96, 269, 26)"	0.698602	0.334803	2	1.37050492	NA
patient1.gd	"(74, 262, 15)-(75, 262, 21)"	9.153423	34.477541	1.094968	19	0	#ff087ffffffffffffe0b	1	"(75, 262, 21)-(80, 260, 24)"	0.593441	1.079016	0	NA	NA
patient1.gd	"(72, 260, 22)-(75, 262, 21)"	4.973137	19.960681	1.13031	11	0	#00d4ff	1	"(75, 262, 21)-(80, 260, 24)"	0.612596	0.586239	0	NA	NA
patient1.gd	"(75, 276, 24)-(96, 269, 26)"	31.125242	1297.444288	3.642613	804	89	#8400ff	25	"(96, 269, 26)-(98, 270, 26)"	1.054607	10.896149	2	0.465248247	0.239072821
patient1.gd	"(74, 276, 23)-(75, 276, 24)"	1.754993	3.629215	0.811323	2	0	#ff0089	18	"(75, 276, 24)-(96, 269, 26)"	0.222731	0.056385	2	NA	NA
patient1.gd	"(74, 276, 23)-(74, 280, 21)"	7.579842	107.061836	2.120373	79	20	#90ff7fffffffffffff70	1	"(74, 276, 23)-(75, 276, 24)"	2.613477	4.319016	0	NA	NA
patient1.gd	"(73, 277, 24)-(74, 276, 23)"	2.116601	3.629215	0.738774	2	0	#ff0074	17	"(74, 276, 23)-(75, 276, 24)"	0.91058	1.206045	2	NA	NA
patient1.gd	"(72, 277, 26)-(73, 277, 24)"	3.051141	34.477541	1.89654	25	6	#ff3f7ffffffffffffe42	16	"(73, 277, 24)-(74, 276, 23)"	2.567144	1.441529	2	NA	NA
patient1.gd	"(71, 278, 26)-(72, 277, 26)"	1.67332	3.629215	0.830887	2	0	#2c00ff	11	"(72, 277, 26)-(73, 277, 24)"	0.438107	0.548424	2	NA	NA
patient1.gd	"(68, 278, 24)-(71, 278, 26)"	4.693202	52.623614	1.889212	33	4	#ff307ffffffffffffe33	1	"(71, 278, 26)-(72, 277, 26)"	2.27373	2.804724	0	NA	NA
patient1.gd	"(67, 286, 29)-(71, 278, 26)"	13.012979	364.736087	2.986937	203	2	#ff006e	10	"(71, 278, 26)-(72, 277, 26)"	3.594878	7.776742	2	1.081407265	NA
patient1.gd	"(67, 286, 29)-(67, 289, 31)"	5.544914	54.438222	1.767786	35	5	#ff00cd	9	"(67, 286, 29)-(71, 278, 26)"	0.591839	0.426106	2	NA	NA
patient1.gd	"(67, 289, 31)-(71, 291, 36)"	9.859789	58.067437	1.369171	36	4	#8600ff	2	"(67, 286, 29)-(67, 289, 31)"	0.774512	1.778168	2	1.710918871	3.803137548
patient1.gd	"(71, 291, 36)-(75, 292, 35)"	5.794745	12.702252	0.835311	7	0	#005dff	1	"(67, 289, 31)-(71, 291, 36)"	0.610085	0.587715	0	NA	NA
patient1.gd	"(71, 291, 36)-(73, 296, 41)"	9.498181	29.033718	0.986407	16	0	#ff0066	1	"(67, 289, 31)-(71, 291, 36)"	0.720441	0.963325	0	NA	NA
patient1.gd	"(64, 296, 33)-(67, 289, 31)"	12.634652	172.387703	2.083994	100	5	#ff00b5	7	"(67, 286, 29)-(67, 289, 31)"	1.178873	2.278602	2	1.941643511	NA
patient1.gd	"(64, 296, 33)-(65, 301, 37)"	8.564796	81.657333	1.742064	48	3	#ff0029	6	"(64, 296, 33)-(67, 289, 31)"	0.835926	0.677881	2	2.487595144	0.778646083
patient1.gd	"(65, 301, 37)-(66, 300, 38)"	2.116601	3.629215	0.738774	2	0	#00ff20	2	"(64, 296, 33)-(65, 301, 37)"	0.42408	0.247128	2	NA	NA
patient1.gd	"(66, 300, 38)-(72, 298, 32)"	11.253174	23.589896	0.816866	13	0	#00ff98	1	"(65, 301, 37)-(66, 300, 38)"	1.105703	5.316625	0	NA	NA
patient1.gd	"(54, 299, 50)-(66, 300, 38)"	22.86911	48.9944	0.825798	27	0	#00d6ff	1	"(65, 301, 37)-(66, 300, 38)"	1.117794	10.804639	0	NA	NA
patient1.gd	"(64, 304, 37)-(65, 301, 37)"	5.05481	43.550577	1.656035	25	1	#c0ff7fffffffffffff40	4	"(64, 296, 33)-(65, 301, 37)"	0.950617	0.590185	2	NA	NA
patient1.gd	"(64, 304, 37)-(65, 307, 37)"	4.039752	38.106755	1.732801	21	0	#ff007a	3	"(64, 304, 37)-(65, 301, 37)"	1.046355	0.79919	2	3.549295158	NA
patient1.gd	"(65, 307, 37)-(68, 313, 37)"	9.45617	61.696651	1.441114	36	2	#00ff9f	2	"(64, 304, 37)-(65, 307, 37)"	0.831667	2.34078	2	2.635310288	2.566989405
patient1.gd	"(68, 313, 37)-(71, 317, 36)"	7.661515	23.589896	0.98999	13	0	#2600ff	1	"(65, 307, 37)-(68, 313, 37)"	0.686962	0.810213	0	NA	NA
patient1.gd	"(66, 317, 39)-(68, 313, 37)"	6.72813	30.848326	1.208074	17	0	#ff000e	1	"(65, 307, 37)-(68, 313, 37)"	0.838292	0.711507	0	NA	NA
patient1.gd	"(58, 317, 38)-(65, 307, 37)"	15.706169	97.988799	1.409218	54	0	#00ffbe	1	"(64, 304, 37)-(65, 307, 37)"	0.81326	3.887904	0	NA	NA
patient1.gd	"(51, 306, 45)-(64, 304, 37)"	21.787943	74.398903	1.042558	43	2	#0010ff	1	"(64, 304, 37)-(65, 301, 37)"	0.629551	4.310339	0	NA	NA
patient1.gd	"(56, 309, 31)-(64, 296, 33)"	20.189202	78.028118	1.109152	43	0	#ff00aa	1	"(64, 296, 33)-(67, 289, 31)"	0.532224	1.597923	0	NA	NA
patient1.gd	"(52, 301, 22)-(67, 286, 29)"	29.845983	177.831525	1.377167	135	37	#ffb27ffffffffffffeb5	1	"(67, 286, 29)-(71, 278, 26)"	0.461063	2.293555	0	NA	NA
patient1.gd	"(71, 275, 32)-(72, 277, 26)"	9.973876	143.353984	2.138937	91	12	#0091ff	5	"(72, 277, 26)-(73, 277, 24)"	1.12781	3.2689	2	1.244700153	0.654938354
patient1.gd	"(71, 275, 32)-(73, 275, 34)"	3.509986	16.331467	1.216984	10	1	#00ffdf	2	"(71, 275, 32)-(72, 277, 26)"	0.568967	0.351918	2	3.296366529	NA
patient1.gd	"(73, 275, 34)-(77, 274, 37)"	6.809803	21.775289	1.008881	12	0	#bbff7fffffffffffff45	1	"(71, 275, 32)-(73, 275, 34)"	0.829	1.940123	0	NA	NA
patient1.gd	"(65, 267, 47)-(73, 275, 34)"	23.705259	68.955081	0.962245	38	0	#ff0075	1	"(71, 275, 32)-(73, 275, 34)"	0.79068	6.753662	0	NA	NA
patient1.gd	"(70, 276, 34)-(71, 275, 32)"	3.412749	16.331467	1.2342	9	0	#ff217ffffffffffffe24	3	"(71, 275, 32)-(72, 277, 26)"	0.577016	0.342169	2	11.52521666	NA
patient1.gd	"(68, 278, 33)-(70, 276, 34)"	3.789921	14.516859	1.104196	8	0	#00ff04	1	"(70, 276, 34)-(71, 275, 32)"	0.894666	1.110518	0	NA	NA
patient1.gd	"(63, 278, 40)-(70, 276, 34)"	12.43639	56.252829	1.199914	31	0	#00c4ff	2	"(70, 276, 34)-(71, 275, 32)"	0.97222	3.644097	2	1.390119907	1.198574203
patient1.gd	"(63, 278, 40)-(64, 279, 41)"	2.116601	3.629215	0.738774	2	0	#00ffb2	1	"(63, 278, 40)-(70, 276, 34)"	0.61569	0.170194	0	NA	NA
patient1.gd	"(55, 278, 43)-(63, 278, 40)"	11.181058	18.146074	0.718745	10	0	#00ff25	1	"(63, 278, 40)-(70, 276, 34)"	0.598997	0.89906	0	NA	NA
patient1.gd	"(68, 287, 16)-(73, 277, 24)"	18.342912	125.20791	1.474032	79	10	#0018ff	1	"(73, 277, 24)-(74, 276, 23)"	1.995239	8.666211	0	NA	NA
patient1.gd	"(74, 275, 24)-(75, 276, 24)"	1.67332	3.629215	0.830887	2	0	#1c00ff	7	"(75, 276, 24)-(96, 269, 26)"	0.228102	0.053761	2	NA	NA
patient1.gd	"(74, 275, 24)-(75, 274, 25)"	2.116601	3.629215	0.738774	2	0	#e6ff7fffffffffffff1a	6	"(74, 275, 24)-(75, 276, 24)"	0.88914	1.264911	2	NA	NA
patient1.gd	"(70, 266, 28)-(75, 274, 25)"	17.607789	166.94388	1.737232	114	22	#80ff7fffffffffffff80	2	"(74, 275, 24)-(75, 274, 25)"	2.351506	8.318898	2	0.976513336	0.631243609
patient1.gd	"(70, 266, 28)-(72, 264, 29)"	3.789921	9.073037	0.872944	5	0	#4400ff	1	"(70, 266, 28)-(75, 274, 25)"	0.502491	0.215241	0	NA	NA
patient1.gd	"(65, 263, 30)-(70, 266, 28)"	8.272954	18.146074	0.835576	10	0	#ff6d7ffffffffffffe70	1	"(70, 266, 28)-(75, 274, 25)"	0.480981	0.469846	0	NA	NA
patient1.gd	"(67, 262, 25)-(75, 274, 25)"	20.278036	174.20231	1.653633	103	7	#0016ff	4	"(74, 275, 24)-(75, 274, 25)"	2.238346	9.580471	2	2.100265504	NA
patient1.gd	"(67, 258, 26)-(67, 262, 25)"	6.156353	36.292148	1.369839	20	0	#ff987ffffffffffffe9b	3	"(67, 262, 25)-(75, 274, 25)"	0.828382	0.303597	2	1.798090386	1.605371033
patient1.gd	"(67, 255, 25)-(67, 258, 26)"	4.121425	10.887644	0.916998	6	0	#b5ff7fffffffffffff4b	1	"(67, 258, 26)-(67, 262, 25)"	0.66942	0.669459	0	NA	NA
patient1.gd	"(66, 256, 28)-(67, 258, 26)"	3.871594	10.887644	0.946122	7	1	#8aff7fffffffffffff76	2	"(67, 258, 26)-(67, 262, 25)"	0.690681	0.628878	2	2.965172765	NA
patient1.gd	"(66, 249, 30)-(66, 256, 28)"	10.406274	19.960681	0.781385	11	0	#ff00cd	1	"(66, 256, 28)-(67, 258, 26)"	0.825882	2.687853	0	NA	NA
patient1.gd	"(62, 255, 31)-(66, 256, 28)"	6.809803	10.887644	0.713386	6	0	#69ff7fffffffffffff97	1	"(66, 256, 28)-(67, 258, 26)"	0.754011	1.758915	0	NA	NA
patient1.gd	"(48, 263, 24)-(67, 262, 25)"	24.523192	72.584296	0.970639	41	1	#00ff02	1	"(67, 262, 25)-(75, 274, 25)"	0.586974	1.209348	0	NA	NA
patient1.gd	"(72, 272, 21)-(74, 275, 24)"	5.988195	58.067437	1.756885	39	7	#ffcb7ffffffffffffece	1	"(74, 275, 24)-(75, 276, 24)"	2.11447	3.578631	0	NA	NA
patient1.gd	"(121, 274, 26)-(123, 276, 26)"	3.34664	23.589896	1.497903	13	0	#43ff7fffffffffffffbd	3	"(119, 277, 27)-(121, 274, 26)"	0.712836	0.655994	2	NA	NA
patient1.gd	"(123, 276, 26)-(132, 273, 24)"	13.134314	65.325866	1.258241	36	0	#00ff6d	1	"(121, 274, 26)-(123, 276, 26)"	0.840002	3.924627	0	NA	NA
patient1.gd	"(123, 276, 26)-(126, 278, 26)"	4.529856	32.662933	1.514992	18	0	#00feff	2	"(121, 274, 26)-(123, 276, 26)"	1.011409	1.353553	2	1.534006262	NA
patient1.gd	"(126, 278, 26)-(134, 282, 19)"	15.766311	67.140474	1.164266	37	0	#00ffec	1	"(123, 276, 26)-(126, 278, 26)"	0.768496	3.480532	0	NA	NA
patient1.gd	"(126, 278, 26)-(127, 279, 27)"	2.116601	3.629215	0.738774	2	0	#3700ff	1	"(123, 276, 26)-(126, 278, 26)"	0.487642	0.467256	0	NA	NA
patient1.gd	"(106, 288, 27)-(106, 291, 27)"	4.693202	179.646132	3.490594	154	55	#0003ff	87	"(102, 282, 30)-(106, 288, 27)"	0.684854	0.413875	2	0.912340527	NA
patient1.gd	"(106, 291, 27)-(107, 295, 31)"	8.104796	168.758488	2.574464	116	23	#c8ff7fffffffffffff38	1	"(106, 288, 27)-(106, 291, 27)"	0.737543	1.726923	0	NA	NA
patient1.gd	"(106, 291, 27)-(107, 292, 26)"	2.116601	3.629215	0.738774	2	0	#0086ff	86	"(106, 288, 27)-(106, 291, 27)"	0.211647	0.450993	2	NA	NA
patient1.gd	"(107, 292, 26)-(116, 299, 18)"	21.794168	1188.567844	4.166457	781	126	#3b00ff	73	"(106, 291, 27)-(107, 292, 26)"	5.639687	10.296777	2	1.070468769	0.731548152
patient1.gd	"(116, 299, 18)-(117, 300, 17)"	2.116601	3.629215	0.738774	2	0	#a200ff	72	"(107, 292, 26)-(116, 299, 18)"	0.177315	0.097118	2	NA	NA
patient1.gd	"(117, 300, 17)-(120, 298, 17)"	4.529856	107.061836	2.742838	78	19	#eb00ff	3	"(116, 299, 18)-(117, 300, 17)"	3.712687	2.140156	2	NA	NA
patient1.gd	"(120, 298, 17)-(125, 297, 13)"	10.139724	223.19671	2.647012	169	46	#1c00ff	1	"(117, 300, 17)-(120, 298, 17)"	0.965063	2.238421	0	NA	NA
patient1.gd	"(120, 298, 17)-(122, 296, 18)"	3.789921	108.876444	3.023966	92	32	#ff0012	2	"(117, 300, 17)-(120, 298, 17)"	1.102495	0.836654	2	0.972700991	NA
patient1.gd	"(122, 296, 18)-(126, 294, 17)"	7.136561	54.438222	1.558233	50	20	#7300ff	1	"(120, 298, 17)-(122, 296, 18)"	0.515295	1.883037	0	NA	NA
patient1.gd	"(122, 296, 18)-(124, 294, 19)"	3.789921	23.589896	1.40758	30	17	#ff777ffffffffffffe7a	1	"(120, 298, 17)-(122, 296, 18)"	0.465475	1	0	NA	NA
patient1.gd	"(116, 301, 16)-(117, 300, 17)"	2.116601	3.629215	0.738774	2	0	#f700ff	69	"(116, 299, 18)-(117, 300, 17)"	1	1	2	NA	NA
patient1.gd	"(116, 301, 16)-(117, 302, 15)"	2.116601	3.629215	0.738774	2	0	#8800ff	3	"(116, 301, 16)-(117, 300, 17)"	1	1	2	NA	NA
patient1.gd	"(117, 302, 15)-(125, 302, 12)"	16.459423	577.045152	3.340586	448	130	#ff7a7ffffffffffffe7d	1	"(116, 301, 16)-(117, 302, 15)"	4.521794	7.776346	0	NA	NA
patient1.gd	"(117, 302, 15)-(121, 307, 16)"	11.701267	299.41022	2.853921	211	46	#bc00ff	2	"(116, 301, 16)-(117, 302, 15)"	3.863047	5.528329	2	NA	2.479296452
patient1.gd	"(121, 307, 16)-(125, 307, 20)"	7.743188	228.640532	3.065786	172	46	#d600ff	1	"(117, 302, 15)-(121, 307, 16)"	1.074236	0.661739	0	NA	NA
patient1.gd	"(121, 307, 16)-(124, 311, 20)"	9.778116	110.691051	1.898251	89	28	#deff7fffffffffffff22	1	"(117, 302, 15)-(121, 307, 16)"	0.665138	0.835646	0	NA	NA
patient1.gd	"(115, 301, 16)-(116, 301, 16)"	1.183216	3.629215	0.988097	2	0	#8900ff	66	"(116, 301, 16)-(117, 300, 17)"	1.337481	0.559017	2	NA	NA
patient1.gd	"(112, 308, 17)-(115, 301, 16)"	12.062875	571.60133	3.883705	495	180	#28ff7fffffffffffffd8	5	"(115, 301, 16)-(116, 301, 16)"	3.930492	10.19499	2	2.261499517	NA
patient1.gd	"(112, 308, 17)-(115, 311, 16)"	5.463241	65.325866	1.950934	48	12	#9eff7fffffffffffff62	4	"(112, 308, 17)-(115, 301, 16)"	0.502338	0.452897	2	NA	NA
patient1.gd	"(115, 311, 16)-(116, 310, 16)"	1.67332	3.629215	0.830887	2	0	#0076ff	3	"(112, 308, 17)-(115, 311, 16)"	0.425892	0.306287	2	NA	NA
patient1.gd	"(116, 310, 16)-(124, 314, 13)"	12.755987	607.893478	3.89477	437	102	#ff0076	2	"(115, 311, 16)-(116, 310, 16)"	4.687485	7.62316	2	1.036195668	1.787519716
patient1.gd	"(124, 314, 13)-(128, 315, 8)"	9.498181	141.539377	2.177928	117	39	#00feff	1	"(116, 310, 16)-(124, 314, 13)"	0.559193	0.744606	0	NA	NA
patient1.gd	"(124, 314, 13)-(128, 314, 15)"	7.743188	79.842725	1.811686	62	18	#19ff7fffffffffffffe7	1	"(116, 310, 16)-(124, 314, 13)"	0.465159	0.607024	0	NA	NA
patient1.gd	"(116, 310, 16)-(122, 310, 21)"	12.256325	286.707968	2.728757	223	65	#ff00e8	1	"(115, 311, 16)-(116, 310, 16)"	3.284149	7.324555	0	NA	NA
patient1.gd	"(108, 317, 20)-(115, 311, 16)"	12.99626	419.174308	3.204153	319	88	#ff717ffffffffffffe74	1	"(112, 308, 17)-(115, 311, 16)"	1.642369	2.378855	0	NA	NA
patient1.gd	"(105, 317, 16)-(112, 308, 17)"	22.331095	858.309298	3.497776	819	346	#94ff7fffffffffffff6c	1	"(112, 308, 17)-(115, 301, 16)"	0.900629	1.851225	0	NA	NA
patient1.gd	"(106, 294, 14)-(115, 301, 16)"	14.966234	923.635164	4.432197	703	194	#0081ff	61	"(115, 301, 16)-(116, 301, 16)"	4.485591	12.648777	2	1.291005198	0.771260589
patient1.gd	"(106, 294, 14)-(110, 290, 14)"	9.223058	201.421421	2.636577	140	29	#00a1ff	2	"(106, 294, 14)-(115, 301, 16)"	0.594869	0.616258	2	1.33791656	NA
patient1.gd	"(110, 288, 12)-(110, 290, 14)"	4.233202	18.146074	1.168105	14	4	#001aff	1	"(106, 294, 14)-(110, 290, 14)"	0.443039	0.45898	0	NA	NA
patient1.gd	"(105, 286, 18)-(110, 290, 14)"	12.273044	145.168592	1.940373	130	50	#ff7e7ffffffffffffe81	1	"(106, 294, 14)-(110, 290, 14)"	0.735944	1.330691	0	NA	NA
patient1.gd	"(104, 293, 13)-(106, 294, 14)"	3.299817	67.140474	2.544909	56	19	#ffb47ffffffffffffeb7	59	"(106, 294, 14)-(115, 301, 16)"	0.574187	0.220484	2	1.103302829	1.684890214
patient1.gd	"(104, 291, 12)-(104, 293, 13)"	2.938209	27.219111	1.717199	23	8	#5600ff	48	"(104, 293, 13)-(106, 294, 14)"	0.674759	0.890416	2	NA	NA
patient1.gd	"(104, 289, 8)-(104, 291, 12)"	6.922735	110.691051	2.256018	66	5	#ff00bd	4	"(104, 291, 12)-(104, 293, 13)"	1.313777	2.356107	2	0.963126283	1.261961772
patient1.gd	"(104, 286, 7)-(104, 289, 8)"	4.121425	10.887644	0.916998	6	0	#e0ff7fffffffffffff20	1	"(104, 289, 8)-(104, 291, 12)"	0.406468	0.595346	0	NA	NA
patient1.gd	"(103, 291, 6)-(104, 289, 8)"	3.871594	19.960681	1.281055	14	3	#00ffa3	3	"(104, 289, 8)-(104, 291, 12)"	0.567839	0.559258	2	NA	NA
patient1.gd	"(103, 291, 6)-(103, 293, 4)"	3.509986	16.331467	1.216984	11	2	#00ceff	2	"(103, 291, 6)-(104, 289, 8)"	0.949986	0.9066	2	NA	NA
patient1.gd	"(103, 293, 4)-(105, 293, 1)"	8.87599	23.589896	0.919771	14	1	#acff7fffffffffffff54	1	"(103, 291, 6)-(103, 293, 4)"	0.755779	2.528782	0	NA	NA
patient1.gd	"(102, 296, 5)-(103, 293, 4)"	4.483033	23.589896	1.294202	14	1	#007aff	1	"(103, 291, 6)-(103, 293, 4)"	1.06345	1.277223	0	NA	NA
patient1.gd	"(102, 288, 5)-(103, 291, 6)"	4.611529	32.662933	1.501517	18	0	#7a00ff	1	"(103, 291, 6)-(104, 289, 8)"	1.172094	1.191119	0	NA	NA
patient1.gd	"(101, 285, 12)-(104, 291, 12)"	14.798076	288.522576	2.491221	187	28	#00ff44	44	"(104, 291, 12)-(104, 293, 13)"	1.450747	5.036428	2	2.031145267	0.525328917
patient1.gd	"(100, 282, 12)-(101, 285, 12)"	4.039752	41.73597	1.813439	28	5	#6fff7fffffffffffff91	42	"(101, 285, 12)-(104, 291, 12)"	0.727932	0.272992	2	NA	NA
patient1.gd	"(100, 282, 12)-(102, 279, 9)"	5.988195	88.915762	2.174035	85	36	#ff00b5	1	"(100, 282, 12)-(101, 285, 12)"	1.198846	1.482317	0	NA	NA
patient1.gd	"(94, 277, 14)-(100, 282, 12)"	10.436378	214.123673	2.555539	147	29	#ff004e	41	"(100, 282, 12)-(101, 285, 12)"	1.409222	2.583421	3	NA	NA
patient1.gd	"(94, 277, 14)-(97, 279, 18)"	8.105951	128.837125	2.24928	111	40	#ffe37ffffffffffffee6	1	"(94, 277, 14)-(100, 282, 12)"	0.880159	0.776702	0	NA	NA
patient1.gd	"(94, 277, 14)-(97, 267, 12)"	16.312796	315.741687	2.482143	289	115	#ff907ffffffffffffe93	39	"(94, 277, 14)-(100, 282, 12)"	0.97128	1.563071	2	1.646138783	0.419517895
patient1.gd	"(97, 267, 12)-(98, 267, 11)"	1.754993	3.629215	0.811323	2	0	#ff0093	1	"(94, 277, 14)-(97, 267, 12)"	0.326864	0.107584	0	NA	NA
patient1.gd	"(95, 264, 13)-(97, 267, 12)"	4.973137	78.028118	2.234783	52	9	#ff0011	38	"(94, 277, 14)-(97, 267, 12)"	0.900344	0.304861	2	NA	NA
patient1.gd	"(94, 261, 10)-(95, 264, 13)"	7.299907	199.606814	2.950218	164	54	#00a4ff	1	"(95, 264, 13)-(97, 267, 12)"	1.320136	1.467868	0	NA	NA
patient1.gd	"(91, 264, 15)-(95, 264, 13)"	8.466404	130.651732	2.216323	92	20	#00a0ff	37	"(95, 264, 13)-(97, 267, 12)"	0.99174	1.702427	2	NA	14.76650579
patient1.gd	"(91, 264, 15)-(93, 261, 18)"	8.354627	292.151791	3.336305	258	97	#ff6f7ffffffffffffe72	36	"(91, 264, 15)-(95, 264, 13)"	1.505333	0.986798	2	NA	NA
patient1.gd	"(93, 261, 18)-(102, 247, 22)"	30.784114	1761.983781	4.268376	1294	323	#fff57ffffffffffffef8	34	"(91, 264, 15)-(93, 261, 18)"	1.279372	3.684678	2	1.025295232	NA
patient1.gd	"(102, 246, 23)-(102, 247, 22)"	1.754993	3.629215	0.811323	2	0	#00a3ff	17	"(93, 261, 18)-(102, 247, 22)"	0.190078	0.05701	2	NA	NA
patient1.gd	"(102, 246, 23)-(109, 151, 24)"	125.46294	2190.231126	2.357286	1345	138	#ffeb7ffffffffffffeee	11	"(102, 246, 23)-(102, 247, 22)"	2.905485	71.489145	2	0.958159328	0.201814097
patient1.gd	"(109, 151, 24)-(110, 150, 25)"	2.116601	3.629215	0.738774	2	0	#8900ff	10	"(102, 246, 23)-(109, 151, 24)"	0.3134	0.01687	2	NA	NA
patient1.gd	"(109, 136, 27)-(110, 150, 25)"	21.04566	252.230428	1.953181	142	3	#fdff7fffffffffffff03	8	"(109, 151, 24)-(110, 150, 25)"	2.643812	9.94314	2	0.989286107	NA
patient1.gd	"(109, 136, 27)-(121, 114, 28)"	38.618599	154.241629	1.127529	87	2	#00baff	2	"(109, 136, 27)-(110, 150, 25)"	0.577278	1.834991	2	2.038398953	3.450459235
patient1.gd	"(121, 114, 28)-(131, 104, 30)"	18.312874	34.477541	0.774132	19	0	#ff777ffffffffffffe7a	1	"(109, 136, 27)-(121, 114, 28)"	0.686574	0.474198	0	NA	NA
patient1.gd	"(106, 100, 12)-(121, 114, 28)"	37.741698	81.657333	0.829874	55	10	#0037ff	1	"(109, 136, 27)-(121, 114, 28)"	0.736011	0.977293	0	NA	NA
patient1.gd	"(109, 135, 28)-(109, 136, 27)"	1.754993	3.629215	0.811323	2	0	#00a7ff	6	"(109, 136, 27)-(110, 150, 25)"	0.415385	0.08339	2	NA	NA
patient1.gd	"(109, 135, 28)-(117, 124, 34)"	20.739448	29.033718	0.667541	16	0	#ff00c9	1	"(109, 135, 28)-(109, 136, 27)"	0.822781	11.817397	0	NA	NA
patient1.gd	"(108, 100, 31)-(109, 135, 28)"	50.163662	493.573212	1.769727	274	2	#8c00ff	5	"(109, 135, 28)-(109, 136, 27)"	2.181286	28.583399	2	NA	0.63213836
patient1.gd	"(108, 100, 31)-(109, 99, 30)"	2.116601	3.629215	0.738774	2	0	#00c2ff	1	"(108, 100, 31)-(109, 135, 28)"	0.417451	0.042194	0	NA	NA
patient1.gd	"(95, 85, 22)-(108, 100, 31)"	39.865422	448.208027	1.891763	248	1	#1c00ff	4	"(108, 100, 31)-(109, 135, 28)"	1.068958	0.794707	2	1.251734286	1.234130273
patient1.gd	"(95, 85, 22)-(117, 76, 27)"	39.179558	223.19671	1.346602	132	9	#07ff7ffffffffffffff9	3	"(95, 85, 22)-(108, 100, 31)"	0.711824	0.982796	2	1.644179189	0.976038808
patient1.gd	"(117, 76, 27)-(121, 71, 26)"	9.206339	23.589896	0.903118	13	0	#5900ff	2	"(95, 85, 22)-(117, 76, 27)"	0.670665	0.234978	2	NA	NA
patient1.gd	"(120, 68, 33)-(121, 71, 26)"	13.176456	19.960681	0.694406	11	0	#ff0054	1	"(117, 76, 27)-(121, 71, 26)"	0.768898	1.431237	0	NA	NA
patient1.gd	"(120, 67, 28)-(121, 71, 26)"	9.0549	23.589896	0.910639	13	0	#9000ff	1	"(117, 76, 27)-(121, 71, 26)"	1.008328	0.983551	0	NA	NA
patient1.gd	"(117, 76, 27)-(119, 67, 44)"	29.445933	68.955081	0.863367	40	2	#00ffb7	1	"(95, 85, 22)-(117, 76, 27)"	0.641145	0.751564	0	NA	NA
patient1.gd	"(95, 84, 21)-(95, 85, 22)"	1.754993	3.629215	0.811323	2	0	#00ffcd	1	"(95, 85, 22)-(108, 100, 31)"	0.428871	0.044023	0	NA	NA
patient1.gd	"(107, 141, 23)-(110, 150, 25)"	14.149372	121.578696	1.653809	69	2	#82ff7fffffffffffff7e	2	"(109, 151, 24)-(110, 150, 25)"	2.238584	6.68495	2	1.200865017	NA
patient1.gd	"(107, 141, 23)-(116, 142, 13)"	30.45261	85.286548	0.944176	50	3	#ff0013	1	"(107, 141, 23)-(110, 150, 25)"	0.57091	2.152223	0	NA	NA
patient1.gd	"(105, 140, 21)-(107, 141, 23)"	5.544914	14.516859	0.912881	8	0	#0015ff	1	"(107, 141, 23)-(110, 150, 25)"	0.551987	0.391884	0	NA	NA
patient1.gd	"(105, 151, 21)-(109, 151, 24)"	7.171411	54.438222	1.554443	33	3	#ff0e7ffffffffffffe11	1	"(102, 246, 23)-(109, 151, 24)"	0.65942	0.05716	0	NA	NA
patient1.gd	"(102, 246, 23)-(104, 245, 26)"	5.264979	117.949481	2.67039	111	46	#ffbe7ffffffffffffec1	6	"(102, 246, 23)-(102, 247, 22)"	3.291403	3	2	NA	NA
patient1.gd	"(104, 245, 26)-(187, 231, 31)"	161.630054	1974.292846	1.971831	1576	488	#00ffdc	1	"(102, 246, 23)-(104, 245, 26)"	0.738406	30.69909	0	NA	NA
patient1.gd	"(104, 245, 26)-(107, 248, 31)"	8.942099	433.691168	3.929123	350	111	#5fff7fffffffffffffa1	5	"(102, 246, 23)-(104, 245, 26)"	1.471366	1.698411	2	4.316256329	1.615888195
patient1.gd	"(107, 248, 31)-(110, 245, 34)"	6.349803	241.342784	3.47826	183	50	#ff0010	1	"(104, 245, 26)-(107, 248, 31)"	0.885251	0.710102	0	NA	NA
patient1.gd	"(107, 248, 31)-(107, 251, 34)"	5.264979	168.758488	3.194181	153	60	#ff00a9	4	"(104, 245, 26)-(107, 248, 31)"	0.81295	0.588786	2	NA	NA
patient1.gd	"(105, 260, 39)-(107, 251, 34)"	15.934469	1110.539726	4.710026	737	125	#4eff7fffffffffffffb2	3	"(107, 248, 31)-(107, 251, 34)"	1.474564	3.026502	2	3.824350285	1.024209449
patient1.gd	"(104, 267, 40)-(105, 260, 39)"	10.196105	598.820441	4.323707	403	73	#ffa07ffffffffffffea3	2	"(105, 260, 39)-(107, 251, 34)"	0.917979	0.639877	2	NA	NA
patient1.gd	"(101, 265, 43)-(104, 267, 40)"	5.988195	205.050636	3.301472	161	48	#005fff	1	"(104, 267, 40)-(105, 260, 39)"	0.763575	0.587302	0	NA	NA
patient1.gd	"(99, 317, 31)-(104, 267, 40)"	71.144368	5420.232291	4.924518	3167	180	#ff00d5	1	"(104, 267, 40)-(105, 260, 39)"	1.138958	6.977603	0	NA	NA
patient1.gd	"(102, 258, 42)-(105, 260, 39)"	5.988195	214.123673	3.373723	160	42	#00a8ff	1	"(105, 260, 39)-(107, 251, 34)"	0.716285	0.375801	0	NA	NA
patient1.gd	"(103, 249, 37)-(107, 251, 34)"	8.023123	246.786606	3.129062	201	65	#31ff7fffffffffffffcf	1	"(107, 248, 31)-(107, 251, 34)"	0.979613	1.523866	0	NA	NA
patient1.gd	"(85, 217, 20)-(102, 247, 22)"	51.542744	1992.43892	3.507792	1514	416	#22ff7fffffffffffffde	17	"(93, 261, 18)-(102, 247, 22)"	0.821809	1.674329	2	1.692010532	NA
patient1.gd	"(75, 206, 26)-(85, 217, 20)"	24.74435	462.724886	2.439768	257	2	#ff8b7ffffffffffffe8e	4	"(85, 217, 20)-(102, 247, 22)"	0.695528	0.480074	2	2.154830896	NA
patient1.gd	"(75, 206, 26)-(90, 84, 33)"	207.810343	1027.067786	1.25427	770	204	#ff00cb	2	"(75, 206, 26)-(85, 217, 20)"	0.514094	8.398295	2	1.345478883	0.343600031
patient1.gd	"(90, 84, 33)-(100, 82, 38)"	21.145377	34.477541	0.72042	19	0	#003fff	1	"(75, 206, 26)-(90, 84, 33)"	0.574374	0.101753	0	NA	NA
patient1.gd	"(79, 79, 46)-(90, 84, 33)"	35.326008	67.140474	0.777804	37	0	#b700ff	1	"(75, 206, 26)-(90, 84, 33)"	0.620125	0.169992	0	NA	NA
patient1.gd	"(58, 207, 28)-(75, 206, 26)"	25.738861	373.809123	2.150084	210	4	#0069ff	2	"(75, 206, 26)-(85, 217, 20)"	0.881266	1.040191	2	1.361557714	NA
patient1.gd	"(54, 198, 29)-(58, 207, 28)"	14.161345	43.550577	0.989395	26	2	#00ff0c	1	"(58, 207, 28)-(75, 206, 26)"	0.460166	0.550193	0	NA	NA
patient1.gd	"(18, 226, 23)-(58, 207, 28)"	60.129071	466.354101	1.571233	259	2	#ff0071	1	"(58, 207, 28)-(75, 206, 26)"	0.730778	2.33612	0	NA	NA
patient1.gd	"(73, 151, 23)-(85, 217, 20)"	94.393114	1453.500524	2.213923	823	22	#ffd57ffffffffffffed8	13	"(85, 217, 20)-(102, 247, 22)"	0.631144	1.831356	2	1.10742248	0.236768229
patient1.gd	"(73, 151, 23)-(75, 150, 20)"	5.988195	18.146074	0.982129	11	1	#008cff	1	"(73, 151, 23)-(85, 217, 20)"	0.443615	0.063439	0	NA	NA
patient1.gd	"(71, 149, 25)-(73, 151, 23)"	4.233202	25.404504	1.382121	22	8	#00f0ff	12	"(73, 151, 23)-(85, 217, 20)"	0.624286	0.044847	2	NA	NA
patient1.gd	"(71, 149, 25)-(82, 89, 26)"	97.403371	923.635164	1.737354	522	13	#ff0015	9	"(71, 149, 25)-(73, 151, 23)"	1.257021	23.009384	2	NA	0.297160764
patient1.gd	"(82, 89, 26)-(83, 87, 27)"	3.299817	18.146074	1.323035	11	1	#00d1ff	1	"(71, 149, 25)-(82, 89, 26)"	0.761523	0.033878	0	NA	NA
patient1.gd	"(80, 81, 27)-(82, 89, 26)"	21.04814	206.865243	1.768732	114	0	#ffe57ffffffffffffee8	8	"(71, 149, 25)-(82, 89, 26)"	1.018061	0.216093	2	1.562116838	NA
patient1.gd	"(80, 81, 27)-(88, 75, 24)"	15.572861	56.252829	1.072292	32	1	#0054ff	5	"(80, 81, 27)-(82, 89, 26)"	0.606249	0.739869	2	3.724617985	1.895110097
patient1.gd	"(88, 75, 24)-(90, 70, 19)"	14.261149	45.365185	1.006258	41	16	#008bff	4	"(80, 81, 27)-(88, 75, 24)"	0.938418	0.915769	2	NA	NA
patient1.gd	"(90, 50, 16)-(90, 70, 19)"	34.832114	203.236028	1.362811	116	4	#00ffa9	3	"(88, 75, 24)-(90, 70, 19)"	1.354336	2.442448	2	2.417575504	0.421074292
patient1.gd	"(90, 49, 16)-(90, 50, 16)"	1.183216	3.629215	0.988097	2	0	#1d00ff	2	"(90, 50, 16)-(90, 70, 19)"	0.725043	0.033969	2	2.547235935	NA
patient1.gd	"(90, 41, 19)-(90, 49, 16)"	13.773355	25.404504	0.766232	14	0	#ff0084	1	"(90, 49, 16)-(90, 50, 16)"	0.775463	11.640609	0	NA	NA
patient1.gd	"(89, 48, 15)-(90, 49, 16)"	2.116601	3.629215	0.738774	2	0	#ff00d6	1	"(90, 49, 16)-(90, 50, 16)"	0.747674	1.788854	0	NA	NA
patient1.gd	"(89, 49, 28)-(90, 50, 16)"	18.112373	63.511259	1.056484	35	0	#1900ff	1	"(90, 50, 16)-(90, 70, 19)"	0.775224	0.519991	0	NA	NA
patient1.gd	"(89, 71, 18)-(90, 70, 19)"	2.116601	3.629215	0.738774	2	0	#b0ff7fffffffffffff50	1	"(88, 75, 24)-(90, 70, 19)"	0.73418	0.148417	0	NA	NA
patient1.gd	"(88, 75, 24)-(89, 71, 23)"	5.794745	9.073037	0.705967	5	0	#fa00ff	1	"(80, 81, 27)-(88, 75, 24)"	0.658372	0.372105	0	NA	NA
patient1.gd	"(62, 77, 26)-(80, 81, 27)"	25.860196	116.134873	1.195613	64	0	#a3ff7fffffffffffff5d	3	"(80, 81, 27)-(82, 89, 26)"	0.675972	1.228621	2	2.519844485	0.588253513
patient1.gd	"(59, 75, 29)-(62, 77, 26)"	5.988195	19.960681	1.030065	11	0	#ff002f	2	"(62, 77, 26)-(80, 81, 27)"	0.861538	0.23156	2	1.948936817	NA
patient1.gd	"(59, 65, 37)-(59, 75, 29)"	17.982458	30.848326	0.738952	17	0	#ff6d7ffffffffffffe70	1	"(59, 75, 29)-(62, 77, 26)"	0.717384	3.002985	0	NA	NA
patient1.gd	"(57, 72, 35)-(59, 75, 29)"	11.647196	18.146074	0.704216	11	1	#ff0051	1	"(59, 75, 29)-(62, 77, 26)"	0.683661	1.945026	0	NA	NA
patient1.gd	"(59, 71, 27)-(62, 77, 26)"	10.156443	18.146074	0.754129	10	0	#00ff14	1	"(62, 77, 26)-(80, 81, 27)"	0.630747	0.392744	0	NA	NA
patient1.gd	"(71, 149, 25)-(72, 139, 24)"	12.765545	97.988799	1.563125	54	0	#c100ff	3	"(71, 149, 25)-(73, 151, 23)"	1.130961	3.015576	2	1.394253919	NA
patient1.gd	"(68, 143, 12)-(72, 139, 24)"	28.153442	65.325866	0.859413	40	4	#ffe97ffffffffffffeec	1	"(71, 149, 25)-(72, 139, 24)"	0.549805	2.205424	0	NA	NA
patient1.gd	"(60, 116, 28)-(72, 139, 24)"	38.536926	130.651732	1.038829	79	7	#00ff3a	2	"(71, 149, 25)-(72, 139, 24)"	0.664585	3.018824	2	2.246774974	0.48322335
patient1.gd	"(60, 116, 28)-(71, 109, 21)"	21.480538	41.73597	0.786426	24	1	#ffdd7ffffffffffffee0	1	"(60, 116, 28)-(72, 139, 24)"	0.757031	0.557401	0	NA	NA
patient1.gd	"(59, 115, 29)-(60, 116, 28)"	2.116601	3.629215	0.738774	2	0	#7000ff	1	"(60, 116, 28)-(72, 139, 24)"	0.711161	0.054924	0	NA	NA
patient1.gd	"(92, 259, 17)-(93, 261, 18)"	3.299817	18.146074	1.323035	14	4	#ff00f5	2	"(91, 264, 15)-(93, 261, 18)"	0.396557	0.394969	2	NA	NA
patient1.gd	"(91, 260, 11)-(92, 259, 17)"	12.797998	368.365301	3.026867	380	177	#ffc77ffffffffffffeca	1	"(92, 259, 17)-(93, 261, 18)"	2.28782	3.878396	0	NA	NA
patient1.gd	"(89, 258, 19)-(92, 259, 17)"	5.906522	79.842725	2.074325	57	13	#1600ff	1	"(92, 259, 17)-(93, 261, 18)"	1.567853	1.789954	0	NA	NA
patient1.gd	"(87, 265, 14)-(91, 264, 15)"	7.533019	177.831525	2.741226	128	30	#00ff2f	1	"(91, 264, 15)-(95, 264, 13)"	1.236835	0.889754	0	NA	NA
patient1.gd	"(93, 272, 14)-(94, 277, 14)"	11.089828	230.455139	2.571911	179	52	#3f00ff	1	"(94, 277, 14)-(100, 282, 12)"	1.006406	1.062613	0	NA	NA
patient1.gd	"(99, 286, 12)-(101, 285, 12)"	3.871594	36.292148	1.727374	23	3	#46ff7fffffffffffffba	2	"(101, 285, 12)-(104, 291, 12)"	0.693385	0.261628	2	NA	NA
patient1.gd	"(99, 286, 12)-(99, 287, 14)"	3.871594	34.477541	1.683636	64	45	#fff87ffffffffffffefb	1	"(99, 286, 12)-(101, 285, 12)"	0.974679	1	0	NA	NA
patient1.gd	"(98, 281, 18)-(99, 286, 12)"	14.599814	165.129273	1.89742	120	29	#00f1ff	1	"(99, 286, 12)-(101, 285, 12)"	1.098442	3.771009	0	NA	NA
patient1.gd	"(103, 293, 13)-(104, 293, 13)"	1.183216	3.629215	0.988097	2	0	#00ffeb	11	"(104, 293, 13)-(106, 294, 14)"	0.388264	0.35857	2	NA	NA
patient1.gd	"(99, 297, 12)-(103, 293, 13)"	9.859789	357.477657	3.397158	282	85	#00fff5	1	"(103, 293, 13)-(104, 293, 13)"	3.438083	8.333043	0	NA	NA
patient1.gd	"(98, 299, 10)-(103, 293, 13)"	11.894717	148.797806	1.995475	104	22	#fd00ff	10	"(103, 293, 13)-(104, 293, 13)"	2.019514	10.052871	2	1.005766285	0.543129379
patient1.gd	"(98, 299, 10)-(101, 302, 9)"	5.463241	23.589896	1.172365	14	1	#00adff	1	"(98, 299, 10)-(103, 293, 13)"	0.587512	0.4593	0	NA	NA
patient1.gd	"(97, 300, 10)-(98, 299, 10)"	1.67332	3.629215	0.830887	2	0	#ff006e	9	"(98, 299, 10)-(103, 293, 13)"	0.416386	0.140678	2	NA	NA
patient1.gd	"(95, 306, 12)-(97, 300, 10)"	10.961332	45.365185	1.14777	26	1	#ff00f9	8	"(97, 300, 10)-(98, 299, 10)"	1.381379	6.550649	2	NA	1.147236758
patient1.gd	"(95, 306, 12)-(96, 307, 11)"	2.116601	3.629215	0.738774	2	0	#ffb47ffffffffffffeb7	7	"(95, 306, 12)-(97, 300, 10)"	0.643661	0.193097	3	NA	NA
patient1.gd	"(96, 307, 11)-(100, 306, 9)"	7.38158	34.477541	1.219322	25	6	#00ff04	1	"(95, 306, 12)-(96, 307, 11)"	1.650466	3.487469	0	NA	NA
patient1.gd	"(95, 311, 14)-(96, 307, 11)"	6.809803	101.618014	2.179431	73	17	#d700ff	5	"(95, 306, 12)-(96, 307, 11)"	2.950063	3.217329	2	NA	NA
patient1.gd	"(95, 311, 14)-(97, 315, 14)"	9.416508	152.427021	2.269923	100	16	#00ffbc	2	"(95, 311, 14)-(96, 307, 11)"	1.041521	1.382787	2	3.873329705	NA
patient1.gd	"(97, 315, 14)-(97, 317, 16)"	3.509986	25.404504	1.517846	16	2	#b2ff7fffffffffffff4e	1	"(95, 311, 14)-(97, 315, 14)"	0.668677	0.372748	0	NA	NA
patient1.gd	"(96, 317, 9)-(97, 315, 14)"	9.498181	136.095555	2.135634	101	26	#4900ff	1	"(95, 311, 14)-(97, 315, 14)"	0.94084	1.008673	0	NA	NA
patient1.gd	"(93, 313, 17)-(95, 311, 14)"	5.52935	58.067437	1.828329	50	18	#ff727ffffffffffffe75	3	"(95, 311, 14)-(96, 307, 11)"	0.838902	0.811969	2	1.159764388	NA
patient1.gd	"(93, 313, 17)-(93, 314, 17)"	1.183216	3.629215	0.988097	2	0	#b700ff	2	"(93, 313, 17)-(95, 311, 14)"	0.540437	0.213988	2	NA	NA
patient1.gd	"(93, 314, 17)-(96, 317, 18)"	5.463241	27.219111	1.259322	16	1	#00fff3	1	"(93, 313, 17)-(93, 314, 17)"	1.274493	4.617282	0	NA	NA
patient1.gd	"(88, 317, 17)-(93, 314, 17)"	8.40145	70.769688	1.637463	50	11	#00ff96	1	"(93, 313, 17)-(93, 314, 17)"	1.65719	7.100521	0	NA	NA
patient1.gd	"(89, 309, 17)-(93, 313, 17)"	8.272954	27.219111	1.023368	17	2	#ff0c7ffffffffffffe0f	1	"(93, 313, 17)-(95, 311, 14)"	0.559728	1.496189	0	NA	NA
patient1.gd	"(95, 307, 8)-(96, 307, 11)"	5.167742	27.219111	1.294827	31	16	#2f00ff	1	"(95, 306, 12)-(96, 307, 11)"	1.752668	2.441529	0	NA	NA
patient1.gd	"(94, 302, 17)-(95, 306, 12)"	9.498181	47.179792	1.257427	34	8	#08ff7ffffffffffffff8	1	"(95, 306, 12)-(97, 300, 10)"	1.09554	0.866517	0	NA	NA
patient1.gd	"(92, 300, 8)-(97, 300, 10)"	7.911346	83.47194	1.83261	52	6	#4400ff	1	"(97, 300, 10)-(98, 299, 10)"	2.205608	4.727933	0	NA	NA
patient1.gd	"(113, 299, 26)-(116, 299, 18)"	16.5712	656.887877	3.55217	511	149	#d0ff7fffffffffffff30	1	"(107, 292, 26)-(116, 299, 18)"	0.852564	0.76035	0	NA	NA
patient1.gd	"(101, 297, 25)-(107, 292, 26)"	9.993097	395.584412	3.549724	299	81	#e0ff7fffffffffffff20	13	"(106, 291, 27)-(107, 292, 26)"	4.804882	4.721295	2	NA	NA
patient1.gd	"(100, 299, 24)-(101, 297, 25)"	3.428313	52.623614	2.210422	53	24	#e600ff	2	"(101, 297, 25)-(107, 292, 26)"	0.622702	0.343068	2	NA	NA
patient1.gd	"(100, 299, 24)-(101, 302, 27)"	6.349803	156.056236	2.796955	112	26	#1fff7fffffffffffffe1	1	"(100, 299, 24)-(101, 297, 25)"	1.265349	1.852166	0	NA	NA
patient1.gd	"(95, 306, 24)-(100, 299, 24)"	13.986026	705.882277	4.008151	610	221	#00a8ff	1	"(100, 299, 24)-(101, 297, 25)"	1.813297	4.079565	0	NA	NA
patient1.gd	"(90, 293, 26)-(101, 297, 25)"	17.379489	1192.197059	4.672836	834	177	#00e9ff	11	"(101, 297, 25)-(107, 292, 26)"	1.316394	1.739149	2	3.057733277	NA
patient1.gd	"(85, 287, 26)-(90, 293, 26)"	9.549816	537.123789	4.231212	450	154	#ff00e3	6	"(90, 293, 26)-(101, 297, 25)"	0.905491	0.549488	2	1.177962815	NA
patient1.gd	"(83, 284, 29)-(85, 287, 26)"	5.988195	92.544977	2.217959	84	33	#ff007c	4	"(85, 287, 26)-(90, 293, 26)"	0.52419	0.627048	2	1.375365476	NA
patient1.gd	"(83, 284, 29)-(84, 283, 29)"	1.67332	3.629215	0.830887	2	0	#ff004b	1	"(83, 284, 29)-(85, 287, 26)"	0.374618	0.279436	0	NA	NA
patient1.gd	"(73, 281, 37)-(83, 284, 29)"	18.342912	183.275347	1.783376	103	2	#32ff7fffffffffffffce	3	"(83, 284, 29)-(85, 287, 26)"	0.804062	3.063179	2	1.728997115	NA
patient1.gd	"(73, 281, 37)-(73, 285, 43)"	9.612268	21.775289	0.849169	12	0	#ff001b	1	"(73, 281, 37)-(83, 284, 29)"	0.476158	0.524032	0	NA	NA
patient1.gd	"(62, 277, 45)-(73, 281, 37)"	19.036024	130.651732	1.478068	72	0	#cbff7fffffffffffff35	2	"(73, 281, 37)-(83, 284, 29)"	0.828804	1.037786	2	1.38693922	NA
patient1.gd	"(51, 272, 45)-(62, 277, 45)"	16.60945	34.477541	0.81286	19	0	#ffd57ffffffffffffed8	1	"(62, 277, 45)-(73, 281, 37)"	0.549947	0.872527	0	NA	NA
patient1.gd	"(50, 282, 50)-(62, 277, 45)"	19.944117	59.882044	0.977611	33	0	#cdff7fffffffffffff33	1	"(62, 277, 45)-(73, 281, 37)"	0.661411	1.047704	0	NA	NA
patient1.gd	"(75, 288, 22)-(85, 287, 26)"	17.293004	333.887761	2.479077	238	54	#00ff1a	2	"(85, 287, 26)-(90, 293, 26)"	0.585902	1.810821	2	0.69094921	0.668310126
patient1.gd	"(72, 288, 23)-(75, 288, 22)"	4.121425	12.702252	0.990471	7	0	#f3ff7fffffffffffff0d	1	"(75, 288, 22)-(85, 287, 26)"	0.399532	0.238329	0	NA	NA
patient1.gd	"(71, 291, 19)-(75, 288, 22)"	8.385886	18.146074	0.829931	10	0	#08ff7ffffffffffffff8	1	"(75, 288, 22)-(85, 287, 26)"	0.334774	0.484929	0	NA	NA
patient1.gd	"(80, 300, 29)-(90, 293, 26)"	18.557893	529.86536	3.014696	363	71	#ff407ffffffffffffe43	5	"(90, 293, 26)-(101, 297, 25)"	0.645153	1.067804	2	0.754470011	1.060248146
patient1.gd	"(80, 300, 29)-(86, 310, 28)"	15.216065	74.398903	1.247548	43	2	#8300ff	1	"(80, 300, 29)-(90, 293, 26)"	0.413822	0.819924	0	NA	NA
patient1.gd	"(79, 302, 29)-(80, 300, 29)"	3.871594	16.331467	1.158758	10	1	#ff0055	4	"(80, 300, 29)-(90, 293, 26)"	0.38437	0.208622	2	NA	NA
patient1.gd	"(71, 301, 28)-(79, 302, 29)"	11.379321	146.983199	2.027686	84	3	#0093ff	3	"(79, 302, 29)-(80, 300, 29)"	1.749879	2.939182	2	2.029122423	NA
patient1.gd	"(71, 301, 28)-(73, 312, 26)"	16.154195	52.623614	1.018293	31	2	#00ff57	1	"(71, 301, 28)-(79, 302, 29)"	0.502195	1.41961	0	NA	NA
patient1.gd	"(62, 305, 27)-(71, 301, 28)"	13.939203	136.095555	1.762902	83	8	#3e00ff	2	"(71, 301, 28)-(79, 302, 29)"	0.869415	1.224959	2	1.64727875	NA
patient1.gd	"(59, 302, 28)-(62, 305, 27)"	5.463241	21.775289	1.126372	12	0	#00ff03	1	"(62, 305, 27)-(71, 301, 28)"	0.638931	0.391934	0	NA	NA
patient1.gd	"(49, 314, 23)-(62, 305, 27)"	21.694364	96.174192	1.187903	53	0	#6dff7fffffffffffff93	1	"(62, 305, 27)-(71, 301, 28)"	0.673834	1.556356	0	NA	NA
patient1.gd	"(65, 317, 33)-(79, 302, 29)"	32.9175	469.983315	2.131831	264	5	#00ffaa	1	"(79, 302, 29)-(80, 300, 29)"	1.839755	8.502312	0	NA	NA
